data;
param npat := 270;
param hor := 144;
param a default 0 := 
0	3	1
0	4	1
0	5	1
0	6	1
0	7	1
0	8	1
0	9	1
0	10	1
0	11	1
0	12	1
0	13	1
0	14	1
0	21	1
0	22	1
0	23	1
0	24	1
0	25	1
0	26	1
0	27	1
0	28	1
0	29	1
0	30	1
0	31	1
0	32	1
0	33	1
0	34	1
0	35	1
0	36	1
0	37	1
0	38	1
0	39	1
0	40	1
0	41	1
0	42	1
0	43	1
1	3	1
1	4	1
1	5	1
1	6	1
1	7	1
1	8	1
1	9	1
1	10	1
1	11	1
1	12	1
1	13	1
1	14	1
1	15	1
1	22	1
1	23	1
1	24	1
1	25	1
1	26	1
1	27	1
1	28	1
1	29	1
1	30	1
1	31	1
1	32	1
1	33	1
1	34	1
1	35	1
1	36	1
1	37	1
1	38	1
1	39	1
1	40	1
1	41	1
1	42	1
1	43	1
2	3	1
2	4	1
2	5	1
2	6	1
2	7	1
2	8	1
2	9	1
2	10	1
2	11	1
2	12	1
2	13	1
2	14	1
2	15	1
2	16	1
2	23	1
2	24	1
2	25	1
2	26	1
2	27	1
2	28	1
2	29	1
2	30	1
2	31	1
2	32	1
2	33	1
2	34	1
2	35	1
2	36	1
2	37	1
2	38	1
2	39	1
2	40	1
2	41	1
2	42	1
2	43	1
3	3	1
3	4	1
3	5	1
3	6	1
3	7	1
3	8	1
3	9	1
3	10	1
3	11	1
3	12	1
3	13	1
3	14	1
3	15	1
3	16	1
3	17	1
3	24	1
3	25	1
3	26	1
3	27	1
3	28	1
3	29	1
3	30	1
3	31	1
3	32	1
3	33	1
3	34	1
3	35	1
3	36	1
3	37	1
3	38	1
3	39	1
3	40	1
3	41	1
3	42	1
3	43	1
4	3	1
4	4	1
4	5	1
4	6	1
4	7	1
4	8	1
4	9	1
4	10	1
4	11	1
4	12	1
4	13	1
4	14	1
4	15	1
4	16	1
4	17	1
4	18	1
4	25	1
4	26	1
4	27	1
4	28	1
4	29	1
4	30	1
4	31	1
4	32	1
4	33	1
4	34	1
4	35	1
4	36	1
4	37	1
4	38	1
4	39	1
4	40	1
4	41	1
4	42	1
4	43	1
5	3	1
5	4	1
5	5	1
5	6	1
5	7	1
5	8	1
5	9	1
5	10	1
5	11	1
5	12	1
5	13	1
5	14	1
5	15	1
5	16	1
5	17	1
5	18	1
5	19	1
5	26	1
5	27	1
5	28	1
5	29	1
5	30	1
5	31	1
5	32	1
5	33	1
5	34	1
5	35	1
5	36	1
5	37	1
5	38	1
5	39	1
5	40	1
5	41	1
5	42	1
5	43	1
6	3	1
6	4	1
6	5	1
6	6	1
6	7	1
6	8	1
6	9	1
6	10	1
6	11	1
6	12	1
6	13	1
6	14	1
6	15	1
6	16	1
6	17	1
6	18	1
6	19	1
6	20	1
6	27	1
6	28	1
6	29	1
6	30	1
6	31	1
6	32	1
6	33	1
6	34	1
6	35	1
6	36	1
6	37	1
6	38	1
6	39	1
6	40	1
6	41	1
6	42	1
6	43	1
7	3	1
7	4	1
7	5	1
7	6	1
7	7	1
7	8	1
7	9	1
7	10	1
7	11	1
7	12	1
7	13	1
7	14	1
7	15	1
7	16	1
7	17	1
7	18	1
7	19	1
7	20	1
7	21	1
7	28	1
7	29	1
7	30	1
7	31	1
7	32	1
7	33	1
7	34	1
7	35	1
7	36	1
7	37	1
7	38	1
7	39	1
7	40	1
7	41	1
7	42	1
7	43	1
8	3	1
8	4	1
8	5	1
8	6	1
8	7	1
8	8	1
8	9	1
8	10	1
8	11	1
8	12	1
8	13	1
8	14	1
8	15	1
8	16	1
8	17	1
8	18	1
8	19	1
8	20	1
8	21	1
8	22	1
8	29	1
8	30	1
8	31	1
8	32	1
8	33	1
8	34	1
8	35	1
8	36	1
8	37	1
8	38	1
8	39	1
8	40	1
8	41	1
8	42	1
8	43	1
9	3	1
9	4	1
9	5	1
9	6	1
9	7	1
9	8	1
9	9	1
9	10	1
9	11	1
9	12	1
9	13	1
9	14	1
9	15	1
9	16	1
9	17	1
9	18	1
9	19	1
9	20	1
9	21	1
9	22	1
9	23	1
9	30	1
9	31	1
9	32	1
9	33	1
9	34	1
9	35	1
9	36	1
9	37	1
9	38	1
9	39	1
9	40	1
9	41	1
9	42	1
9	43	1
10	3	1
10	4	1
10	5	1
10	6	1
10	7	1
10	8	1
10	9	1
10	10	1
10	11	1
10	12	1
10	13	1
10	14	1
10	15	1
10	16	1
10	17	1
10	18	1
10	19	1
10	20	1
10	21	1
10	22	1
10	23	1
10	24	1
10	31	1
10	32	1
10	33	1
10	34	1
10	35	1
10	36	1
10	37	1
10	38	1
10	39	1
10	40	1
10	41	1
10	42	1
10	43	1
11	3	1
11	4	1
11	5	1
11	6	1
11	7	1
11	8	1
11	9	1
11	10	1
11	11	1
11	12	1
11	13	1
11	14	1
11	15	1
11	16	1
11	17	1
11	18	1
11	19	1
11	20	1
11	21	1
11	22	1
11	23	1
11	24	1
11	25	1
11	32	1
11	33	1
11	34	1
11	35	1
11	36	1
11	37	1
11	38	1
11	39	1
11	40	1
11	41	1
11	42	1
11	43	1
12	3	1
12	4	1
12	5	1
12	6	1
12	7	1
12	8	1
12	9	1
12	10	1
12	11	1
12	12	1
12	13	1
12	14	1
12	15	1
12	16	1
12	17	1
12	18	1
12	19	1
12	20	1
12	21	1
12	22	1
12	23	1
12	24	1
12	25	1
12	26	1
12	33	1
12	34	1
12	35	1
12	36	1
12	37	1
12	38	1
12	39	1
12	40	1
12	41	1
12	42	1
12	43	1
13	3	1
13	4	1
13	5	1
13	6	1
13	7	1
13	8	1
13	9	1
13	10	1
13	11	1
13	12	1
13	13	1
13	14	1
13	15	1
13	16	1
13	17	1
13	18	1
13	19	1
13	20	1
13	21	1
13	22	1
13	23	1
13	24	1
13	25	1
13	26	1
13	27	1
13	34	1
13	35	1
13	36	1
13	37	1
13	38	1
13	39	1
13	40	1
13	41	1
13	42	1
13	43	1
14	3	1
14	4	1
14	5	1
14	6	1
14	7	1
14	8	1
14	9	1
14	10	1
14	11	1
14	12	1
14	13	1
14	14	1
14	15	1
14	16	1
14	17	1
14	18	1
14	19	1
14	20	1
14	21	1
14	22	1
14	23	1
14	24	1
14	25	1
14	26	1
14	27	1
14	28	1
14	35	1
14	36	1
14	37	1
14	38	1
14	39	1
14	40	1
14	41	1
14	42	1
14	43	1
15	3	1
15	4	1
15	5	1
15	6	1
15	7	1
15	8	1
15	9	1
15	10	1
15	11	1
15	12	1
15	13	1
15	14	1
15	15	1
15	16	1
15	17	1
15	18	1
15	19	1
15	20	1
15	21	1
15	22	1
15	23	1
15	24	1
15	25	1
15	26	1
15	27	1
15	28	1
15	29	1
15	36	1
15	37	1
15	38	1
15	39	1
15	40	1
15	41	1
15	42	1
15	43	1
16	3	1
16	4	1
16	5	1
16	6	1
16	7	1
16	8	1
16	9	1
16	10	1
16	11	1
16	12	1
16	13	1
16	14	1
16	15	1
16	16	1
16	17	1
16	18	1
16	19	1
16	20	1
16	21	1
16	22	1
16	23	1
16	24	1
16	25	1
16	26	1
16	27	1
16	28	1
16	29	1
16	30	1
16	37	1
16	38	1
16	39	1
16	40	1
16	41	1
16	42	1
16	43	1
17	3	1
17	4	1
17	5	1
17	6	1
17	7	1
17	8	1
17	9	1
17	10	1
17	11	1
17	12	1
17	13	1
17	14	1
17	15	1
17	16	1
17	17	1
17	18	1
17	19	1
17	20	1
17	21	1
17	22	1
17	23	1
17	24	1
17	25	1
17	26	1
17	27	1
17	28	1
17	29	1
17	30	1
17	31	1
17	38	1
17	39	1
17	40	1
17	41	1
17	42	1
17	43	1
18	13	1
18	14	1
18	15	1
18	16	1
18	17	1
18	18	1
18	19	1
18	20	1
18	21	1
18	22	1
18	23	1
18	24	1
18	31	1
18	32	1
18	33	1
18	34	1
18	35	1
18	36	1
18	37	1
18	38	1
18	39	1
18	40	1
18	41	1
18	42	1
18	43	1
18	44	1
18	45	1
18	46	1
18	47	1
18	48	1
18	49	1
18	50	1
18	51	1
18	52	1
18	53	1
19	13	1
19	14	1
19	15	1
19	16	1
19	17	1
19	18	1
19	19	1
19	20	1
19	21	1
19	22	1
19	23	1
19	24	1
19	25	1
19	32	1
19	33	1
19	34	1
19	35	1
19	36	1
19	37	1
19	38	1
19	39	1
19	40	1
19	41	1
19	42	1
19	43	1
19	44	1
19	45	1
19	46	1
19	47	1
19	48	1
19	49	1
19	50	1
19	51	1
19	52	1
19	53	1
20	13	1
20	14	1
20	15	1
20	16	1
20	17	1
20	18	1
20	19	1
20	20	1
20	21	1
20	22	1
20	23	1
20	24	1
20	25	1
20	26	1
20	33	1
20	34	1
20	35	1
20	36	1
20	37	1
20	38	1
20	39	1
20	40	1
20	41	1
20	42	1
20	43	1
20	44	1
20	45	1
20	46	1
20	47	1
20	48	1
20	49	1
20	50	1
20	51	1
20	52	1
20	53	1
21	13	1
21	14	1
21	15	1
21	16	1
21	17	1
21	18	1
21	19	1
21	20	1
21	21	1
21	22	1
21	23	1
21	24	1
21	25	1
21	26	1
21	27	1
21	34	1
21	35	1
21	36	1
21	37	1
21	38	1
21	39	1
21	40	1
21	41	1
21	42	1
21	43	1
21	44	1
21	45	1
21	46	1
21	47	1
21	48	1
21	49	1
21	50	1
21	51	1
21	52	1
21	53	1
22	13	1
22	14	1
22	15	1
22	16	1
22	17	1
22	18	1
22	19	1
22	20	1
22	21	1
22	22	1
22	23	1
22	24	1
22	25	1
22	26	1
22	27	1
22	28	1
22	35	1
22	36	1
22	37	1
22	38	1
22	39	1
22	40	1
22	41	1
22	42	1
22	43	1
22	44	1
22	45	1
22	46	1
22	47	1
22	48	1
22	49	1
22	50	1
22	51	1
22	52	1
22	53	1
23	13	1
23	14	1
23	15	1
23	16	1
23	17	1
23	18	1
23	19	1
23	20	1
23	21	1
23	22	1
23	23	1
23	24	1
23	25	1
23	26	1
23	27	1
23	28	1
23	29	1
23	36	1
23	37	1
23	38	1
23	39	1
23	40	1
23	41	1
23	42	1
23	43	1
23	44	1
23	45	1
23	46	1
23	47	1
23	48	1
23	49	1
23	50	1
23	51	1
23	52	1
23	53	1
24	13	1
24	14	1
24	15	1
24	16	1
24	17	1
24	18	1
24	19	1
24	20	1
24	21	1
24	22	1
24	23	1
24	24	1
24	25	1
24	26	1
24	27	1
24	28	1
24	29	1
24	30	1
24	37	1
24	38	1
24	39	1
24	40	1
24	41	1
24	42	1
24	43	1
24	44	1
24	45	1
24	46	1
24	47	1
24	48	1
24	49	1
24	50	1
24	51	1
24	52	1
24	53	1
25	13	1
25	14	1
25	15	1
25	16	1
25	17	1
25	18	1
25	19	1
25	20	1
25	21	1
25	22	1
25	23	1
25	24	1
25	25	1
25	26	1
25	27	1
25	28	1
25	29	1
25	30	1
25	31	1
25	38	1
25	39	1
25	40	1
25	41	1
25	42	1
25	43	1
25	44	1
25	45	1
25	46	1
25	47	1
25	48	1
25	49	1
25	50	1
25	51	1
25	52	1
25	53	1
26	13	1
26	14	1
26	15	1
26	16	1
26	17	1
26	18	1
26	19	1
26	20	1
26	21	1
26	22	1
26	23	1
26	24	1
26	25	1
26	26	1
26	27	1
26	28	1
26	29	1
26	30	1
26	31	1
26	32	1
26	39	1
26	40	1
26	41	1
26	42	1
26	43	1
26	44	1
26	45	1
26	46	1
26	47	1
26	48	1
26	49	1
26	50	1
26	51	1
26	52	1
26	53	1
27	13	1
27	14	1
27	15	1
27	16	1
27	17	1
27	18	1
27	19	1
27	20	1
27	21	1
27	22	1
27	23	1
27	24	1
27	25	1
27	26	1
27	27	1
27	28	1
27	29	1
27	30	1
27	31	1
27	32	1
27	33	1
27	40	1
27	41	1
27	42	1
27	43	1
27	44	1
27	45	1
27	46	1
27	47	1
27	48	1
27	49	1
27	50	1
27	51	1
27	52	1
27	53	1
28	13	1
28	14	1
28	15	1
28	16	1
28	17	1
28	18	1
28	19	1
28	20	1
28	21	1
28	22	1
28	23	1
28	24	1
28	25	1
28	26	1
28	27	1
28	28	1
28	29	1
28	30	1
28	31	1
28	32	1
28	33	1
28	34	1
28	41	1
28	42	1
28	43	1
28	44	1
28	45	1
28	46	1
28	47	1
28	48	1
28	49	1
28	50	1
28	51	1
28	52	1
28	53	1
29	13	1
29	14	1
29	15	1
29	16	1
29	17	1
29	18	1
29	19	1
29	20	1
29	21	1
29	22	1
29	23	1
29	24	1
29	25	1
29	26	1
29	27	1
29	28	1
29	29	1
29	30	1
29	31	1
29	32	1
29	33	1
29	34	1
29	35	1
29	42	1
29	43	1
29	44	1
29	45	1
29	46	1
29	47	1
29	48	1
29	49	1
29	50	1
29	51	1
29	52	1
29	53	1
30	13	1
30	14	1
30	15	1
30	16	1
30	17	1
30	18	1
30	19	1
30	20	1
30	21	1
30	22	1
30	23	1
30	24	1
30	25	1
30	26	1
30	27	1
30	28	1
30	29	1
30	30	1
30	31	1
30	32	1
30	33	1
30	34	1
30	35	1
30	36	1
30	43	1
30	44	1
30	45	1
30	46	1
30	47	1
30	48	1
30	49	1
30	50	1
30	51	1
30	52	1
30	53	1
31	13	1
31	14	1
31	15	1
31	16	1
31	17	1
31	18	1
31	19	1
31	20	1
31	21	1
31	22	1
31	23	1
31	24	1
31	25	1
31	26	1
31	27	1
31	28	1
31	29	1
31	30	1
31	31	1
31	32	1
31	33	1
31	34	1
31	35	1
31	36	1
31	37	1
31	44	1
31	45	1
31	46	1
31	47	1
31	48	1
31	49	1
31	50	1
31	51	1
31	52	1
31	53	1
32	13	1
32	14	1
32	15	1
32	16	1
32	17	1
32	18	1
32	19	1
32	20	1
32	21	1
32	22	1
32	23	1
32	24	1
32	25	1
32	26	1
32	27	1
32	28	1
32	29	1
32	30	1
32	31	1
32	32	1
32	33	1
32	34	1
32	35	1
32	36	1
32	37	1
32	38	1
32	45	1
32	46	1
32	47	1
32	48	1
32	49	1
32	50	1
32	51	1
32	52	1
32	53	1
33	13	1
33	14	1
33	15	1
33	16	1
33	17	1
33	18	1
33	19	1
33	20	1
33	21	1
33	22	1
33	23	1
33	24	1
33	25	1
33	26	1
33	27	1
33	28	1
33	29	1
33	30	1
33	31	1
33	32	1
33	33	1
33	34	1
33	35	1
33	36	1
33	37	1
33	38	1
33	39	1
33	46	1
33	47	1
33	48	1
33	49	1
33	50	1
33	51	1
33	52	1
33	53	1
34	13	1
34	14	1
34	15	1
34	16	1
34	17	1
34	18	1
34	19	1
34	20	1
34	21	1
34	22	1
34	23	1
34	24	1
34	25	1
34	26	1
34	27	1
34	28	1
34	29	1
34	30	1
34	31	1
34	32	1
34	33	1
34	34	1
34	35	1
34	36	1
34	37	1
34	38	1
34	39	1
34	40	1
34	47	1
34	48	1
34	49	1
34	50	1
34	51	1
34	52	1
34	53	1
35	13	1
35	14	1
35	15	1
35	16	1
35	17	1
35	18	1
35	19	1
35	20	1
35	21	1
35	22	1
35	23	1
35	24	1
35	25	1
35	26	1
35	27	1
35	28	1
35	29	1
35	30	1
35	31	1
35	32	1
35	33	1
35	34	1
35	35	1
35	36	1
35	37	1
35	38	1
35	39	1
35	40	1
35	41	1
35	48	1
35	49	1
35	50	1
35	51	1
35	52	1
35	53	1
36	23	1
36	24	1
36	25	1
36	26	1
36	27	1
36	28	1
36	29	1
36	30	1
36	31	1
36	32	1
36	33	1
36	34	1
36	41	1
36	42	1
36	43	1
36	44	1
36	45	1
36	46	1
36	47	1
36	48	1
36	49	1
36	50	1
36	51	1
36	52	1
36	53	1
36	54	1
36	55	1
36	56	1
36	57	1
36	58	1
36	59	1
36	60	1
36	61	1
36	62	1
36	63	1
37	23	1
37	24	1
37	25	1
37	26	1
37	27	1
37	28	1
37	29	1
37	30	1
37	31	1
37	32	1
37	33	1
37	34	1
37	35	1
37	42	1
37	43	1
37	44	1
37	45	1
37	46	1
37	47	1
37	48	1
37	49	1
37	50	1
37	51	1
37	52	1
37	53	1
37	54	1
37	55	1
37	56	1
37	57	1
37	58	1
37	59	1
37	60	1
37	61	1
37	62	1
37	63	1
38	23	1
38	24	1
38	25	1
38	26	1
38	27	1
38	28	1
38	29	1
38	30	1
38	31	1
38	32	1
38	33	1
38	34	1
38	35	1
38	36	1
38	43	1
38	44	1
38	45	1
38	46	1
38	47	1
38	48	1
38	49	1
38	50	1
38	51	1
38	52	1
38	53	1
38	54	1
38	55	1
38	56	1
38	57	1
38	58	1
38	59	1
38	60	1
38	61	1
38	62	1
38	63	1
39	23	1
39	24	1
39	25	1
39	26	1
39	27	1
39	28	1
39	29	1
39	30	1
39	31	1
39	32	1
39	33	1
39	34	1
39	35	1
39	36	1
39	37	1
39	44	1
39	45	1
39	46	1
39	47	1
39	48	1
39	49	1
39	50	1
39	51	1
39	52	1
39	53	1
39	54	1
39	55	1
39	56	1
39	57	1
39	58	1
39	59	1
39	60	1
39	61	1
39	62	1
39	63	1
40	23	1
40	24	1
40	25	1
40	26	1
40	27	1
40	28	1
40	29	1
40	30	1
40	31	1
40	32	1
40	33	1
40	34	1
40	35	1
40	36	1
40	37	1
40	38	1
40	45	1
40	46	1
40	47	1
40	48	1
40	49	1
40	50	1
40	51	1
40	52	1
40	53	1
40	54	1
40	55	1
40	56	1
40	57	1
40	58	1
40	59	1
40	60	1
40	61	1
40	62	1
40	63	1
41	23	1
41	24	1
41	25	1
41	26	1
41	27	1
41	28	1
41	29	1
41	30	1
41	31	1
41	32	1
41	33	1
41	34	1
41	35	1
41	36	1
41	37	1
41	38	1
41	39	1
41	46	1
41	47	1
41	48	1
41	49	1
41	50	1
41	51	1
41	52	1
41	53	1
41	54	1
41	55	1
41	56	1
41	57	1
41	58	1
41	59	1
41	60	1
41	61	1
41	62	1
41	63	1
42	23	1
42	24	1
42	25	1
42	26	1
42	27	1
42	28	1
42	29	1
42	30	1
42	31	1
42	32	1
42	33	1
42	34	1
42	35	1
42	36	1
42	37	1
42	38	1
42	39	1
42	40	1
42	47	1
42	48	1
42	49	1
42	50	1
42	51	1
42	52	1
42	53	1
42	54	1
42	55	1
42	56	1
42	57	1
42	58	1
42	59	1
42	60	1
42	61	1
42	62	1
42	63	1
43	23	1
43	24	1
43	25	1
43	26	1
43	27	1
43	28	1
43	29	1
43	30	1
43	31	1
43	32	1
43	33	1
43	34	1
43	35	1
43	36	1
43	37	1
43	38	1
43	39	1
43	40	1
43	41	1
43	48	1
43	49	1
43	50	1
43	51	1
43	52	1
43	53	1
43	54	1
43	55	1
43	56	1
43	57	1
43	58	1
43	59	1
43	60	1
43	61	1
43	62	1
43	63	1
44	23	1
44	24	1
44	25	1
44	26	1
44	27	1
44	28	1
44	29	1
44	30	1
44	31	1
44	32	1
44	33	1
44	34	1
44	35	1
44	36	1
44	37	1
44	38	1
44	39	1
44	40	1
44	41	1
44	42	1
44	49	1
44	50	1
44	51	1
44	52	1
44	53	1
44	54	1
44	55	1
44	56	1
44	57	1
44	58	1
44	59	1
44	60	1
44	61	1
44	62	1
44	63	1
45	23	1
45	24	1
45	25	1
45	26	1
45	27	1
45	28	1
45	29	1
45	30	1
45	31	1
45	32	1
45	33	1
45	34	1
45	35	1
45	36	1
45	37	1
45	38	1
45	39	1
45	40	1
45	41	1
45	42	1
45	43	1
45	50	1
45	51	1
45	52	1
45	53	1
45	54	1
45	55	1
45	56	1
45	57	1
45	58	1
45	59	1
45	60	1
45	61	1
45	62	1
45	63	1
46	23	1
46	24	1
46	25	1
46	26	1
46	27	1
46	28	1
46	29	1
46	30	1
46	31	1
46	32	1
46	33	1
46	34	1
46	35	1
46	36	1
46	37	1
46	38	1
46	39	1
46	40	1
46	41	1
46	42	1
46	43	1
46	44	1
46	51	1
46	52	1
46	53	1
46	54	1
46	55	1
46	56	1
46	57	1
46	58	1
46	59	1
46	60	1
46	61	1
46	62	1
46	63	1
47	23	1
47	24	1
47	25	1
47	26	1
47	27	1
47	28	1
47	29	1
47	30	1
47	31	1
47	32	1
47	33	1
47	34	1
47	35	1
47	36	1
47	37	1
47	38	1
47	39	1
47	40	1
47	41	1
47	42	1
47	43	1
47	44	1
47	45	1
47	52	1
47	53	1
47	54	1
47	55	1
47	56	1
47	57	1
47	58	1
47	59	1
47	60	1
47	61	1
47	62	1
47	63	1
48	23	1
48	24	1
48	25	1
48	26	1
48	27	1
48	28	1
48	29	1
48	30	1
48	31	1
48	32	1
48	33	1
48	34	1
48	35	1
48	36	1
48	37	1
48	38	1
48	39	1
48	40	1
48	41	1
48	42	1
48	43	1
48	44	1
48	45	1
48	46	1
48	53	1
48	54	1
48	55	1
48	56	1
48	57	1
48	58	1
48	59	1
48	60	1
48	61	1
48	62	1
48	63	1
49	23	1
49	24	1
49	25	1
49	26	1
49	27	1
49	28	1
49	29	1
49	30	1
49	31	1
49	32	1
49	33	1
49	34	1
49	35	1
49	36	1
49	37	1
49	38	1
49	39	1
49	40	1
49	41	1
49	42	1
49	43	1
49	44	1
49	45	1
49	46	1
49	47	1
49	54	1
49	55	1
49	56	1
49	57	1
49	58	1
49	59	1
49	60	1
49	61	1
49	62	1
49	63	1
50	23	1
50	24	1
50	25	1
50	26	1
50	27	1
50	28	1
50	29	1
50	30	1
50	31	1
50	32	1
50	33	1
50	34	1
50	35	1
50	36	1
50	37	1
50	38	1
50	39	1
50	40	1
50	41	1
50	42	1
50	43	1
50	44	1
50	45	1
50	46	1
50	47	1
50	48	1
50	55	1
50	56	1
50	57	1
50	58	1
50	59	1
50	60	1
50	61	1
50	62	1
50	63	1
51	23	1
51	24	1
51	25	1
51	26	1
51	27	1
51	28	1
51	29	1
51	30	1
51	31	1
51	32	1
51	33	1
51	34	1
51	35	1
51	36	1
51	37	1
51	38	1
51	39	1
51	40	1
51	41	1
51	42	1
51	43	1
51	44	1
51	45	1
51	46	1
51	47	1
51	48	1
51	49	1
51	56	1
51	57	1
51	58	1
51	59	1
51	60	1
51	61	1
51	62	1
51	63	1
52	23	1
52	24	1
52	25	1
52	26	1
52	27	1
52	28	1
52	29	1
52	30	1
52	31	1
52	32	1
52	33	1
52	34	1
52	35	1
52	36	1
52	37	1
52	38	1
52	39	1
52	40	1
52	41	1
52	42	1
52	43	1
52	44	1
52	45	1
52	46	1
52	47	1
52	48	1
52	49	1
52	50	1
52	57	1
52	58	1
52	59	1
52	60	1
52	61	1
52	62	1
52	63	1
53	23	1
53	24	1
53	25	1
53	26	1
53	27	1
53	28	1
53	29	1
53	30	1
53	31	1
53	32	1
53	33	1
53	34	1
53	35	1
53	36	1
53	37	1
53	38	1
53	39	1
53	40	1
53	41	1
53	42	1
53	43	1
53	44	1
53	45	1
53	46	1
53	47	1
53	48	1
53	49	1
53	50	1
53	51	1
53	58	1
53	59	1
53	60	1
53	61	1
53	62	1
53	63	1
54	33	1
54	34	1
54	35	1
54	36	1
54	37	1
54	38	1
54	39	1
54	40	1
54	41	1
54	42	1
54	43	1
54	44	1
54	51	1
54	52	1
54	53	1
54	54	1
54	55	1
54	56	1
54	57	1
54	58	1
54	59	1
54	60	1
54	61	1
54	62	1
54	63	1
54	64	1
54	65	1
54	66	1
54	67	1
54	68	1
54	69	1
54	70	1
54	71	1
54	72	1
54	73	1
55	33	1
55	34	1
55	35	1
55	36	1
55	37	1
55	38	1
55	39	1
55	40	1
55	41	1
55	42	1
55	43	1
55	44	1
55	45	1
55	52	1
55	53	1
55	54	1
55	55	1
55	56	1
55	57	1
55	58	1
55	59	1
55	60	1
55	61	1
55	62	1
55	63	1
55	64	1
55	65	1
55	66	1
55	67	1
55	68	1
55	69	1
55	70	1
55	71	1
55	72	1
55	73	1
56	33	1
56	34	1
56	35	1
56	36	1
56	37	1
56	38	1
56	39	1
56	40	1
56	41	1
56	42	1
56	43	1
56	44	1
56	45	1
56	46	1
56	53	1
56	54	1
56	55	1
56	56	1
56	57	1
56	58	1
56	59	1
56	60	1
56	61	1
56	62	1
56	63	1
56	64	1
56	65	1
56	66	1
56	67	1
56	68	1
56	69	1
56	70	1
56	71	1
56	72	1
56	73	1
57	33	1
57	34	1
57	35	1
57	36	1
57	37	1
57	38	1
57	39	1
57	40	1
57	41	1
57	42	1
57	43	1
57	44	1
57	45	1
57	46	1
57	47	1
57	54	1
57	55	1
57	56	1
57	57	1
57	58	1
57	59	1
57	60	1
57	61	1
57	62	1
57	63	1
57	64	1
57	65	1
57	66	1
57	67	1
57	68	1
57	69	1
57	70	1
57	71	1
57	72	1
57	73	1
58	33	1
58	34	1
58	35	1
58	36	1
58	37	1
58	38	1
58	39	1
58	40	1
58	41	1
58	42	1
58	43	1
58	44	1
58	45	1
58	46	1
58	47	1
58	48	1
58	55	1
58	56	1
58	57	1
58	58	1
58	59	1
58	60	1
58	61	1
58	62	1
58	63	1
58	64	1
58	65	1
58	66	1
58	67	1
58	68	1
58	69	1
58	70	1
58	71	1
58	72	1
58	73	1
59	33	1
59	34	1
59	35	1
59	36	1
59	37	1
59	38	1
59	39	1
59	40	1
59	41	1
59	42	1
59	43	1
59	44	1
59	45	1
59	46	1
59	47	1
59	48	1
59	49	1
59	56	1
59	57	1
59	58	1
59	59	1
59	60	1
59	61	1
59	62	1
59	63	1
59	64	1
59	65	1
59	66	1
59	67	1
59	68	1
59	69	1
59	70	1
59	71	1
59	72	1
59	73	1
60	33	1
60	34	1
60	35	1
60	36	1
60	37	1
60	38	1
60	39	1
60	40	1
60	41	1
60	42	1
60	43	1
60	44	1
60	45	1
60	46	1
60	47	1
60	48	1
60	49	1
60	50	1
60	57	1
60	58	1
60	59	1
60	60	1
60	61	1
60	62	1
60	63	1
60	64	1
60	65	1
60	66	1
60	67	1
60	68	1
60	69	1
60	70	1
60	71	1
60	72	1
60	73	1
61	33	1
61	34	1
61	35	1
61	36	1
61	37	1
61	38	1
61	39	1
61	40	1
61	41	1
61	42	1
61	43	1
61	44	1
61	45	1
61	46	1
61	47	1
61	48	1
61	49	1
61	50	1
61	51	1
61	58	1
61	59	1
61	60	1
61	61	1
61	62	1
61	63	1
61	64	1
61	65	1
61	66	1
61	67	1
61	68	1
61	69	1
61	70	1
61	71	1
61	72	1
61	73	1
62	33	1
62	34	1
62	35	1
62	36	1
62	37	1
62	38	1
62	39	1
62	40	1
62	41	1
62	42	1
62	43	1
62	44	1
62	45	1
62	46	1
62	47	1
62	48	1
62	49	1
62	50	1
62	51	1
62	52	1
62	59	1
62	60	1
62	61	1
62	62	1
62	63	1
62	64	1
62	65	1
62	66	1
62	67	1
62	68	1
62	69	1
62	70	1
62	71	1
62	72	1
62	73	1
63	33	1
63	34	1
63	35	1
63	36	1
63	37	1
63	38	1
63	39	1
63	40	1
63	41	1
63	42	1
63	43	1
63	44	1
63	45	1
63	46	1
63	47	1
63	48	1
63	49	1
63	50	1
63	51	1
63	52	1
63	53	1
63	60	1
63	61	1
63	62	1
63	63	1
63	64	1
63	65	1
63	66	1
63	67	1
63	68	1
63	69	1
63	70	1
63	71	1
63	72	1
63	73	1
64	33	1
64	34	1
64	35	1
64	36	1
64	37	1
64	38	1
64	39	1
64	40	1
64	41	1
64	42	1
64	43	1
64	44	1
64	45	1
64	46	1
64	47	1
64	48	1
64	49	1
64	50	1
64	51	1
64	52	1
64	53	1
64	54	1
64	61	1
64	62	1
64	63	1
64	64	1
64	65	1
64	66	1
64	67	1
64	68	1
64	69	1
64	70	1
64	71	1
64	72	1
64	73	1
65	33	1
65	34	1
65	35	1
65	36	1
65	37	1
65	38	1
65	39	1
65	40	1
65	41	1
65	42	1
65	43	1
65	44	1
65	45	1
65	46	1
65	47	1
65	48	1
65	49	1
65	50	1
65	51	1
65	52	1
65	53	1
65	54	1
65	55	1
65	62	1
65	63	1
65	64	1
65	65	1
65	66	1
65	67	1
65	68	1
65	69	1
65	70	1
65	71	1
65	72	1
65	73	1
66	33	1
66	34	1
66	35	1
66	36	1
66	37	1
66	38	1
66	39	1
66	40	1
66	41	1
66	42	1
66	43	1
66	44	1
66	45	1
66	46	1
66	47	1
66	48	1
66	49	1
66	50	1
66	51	1
66	52	1
66	53	1
66	54	1
66	55	1
66	56	1
66	63	1
66	64	1
66	65	1
66	66	1
66	67	1
66	68	1
66	69	1
66	70	1
66	71	1
66	72	1
66	73	1
67	33	1
67	34	1
67	35	1
67	36	1
67	37	1
67	38	1
67	39	1
67	40	1
67	41	1
67	42	1
67	43	1
67	44	1
67	45	1
67	46	1
67	47	1
67	48	1
67	49	1
67	50	1
67	51	1
67	52	1
67	53	1
67	54	1
67	55	1
67	56	1
67	57	1
67	64	1
67	65	1
67	66	1
67	67	1
67	68	1
67	69	1
67	70	1
67	71	1
67	72	1
67	73	1
68	33	1
68	34	1
68	35	1
68	36	1
68	37	1
68	38	1
68	39	1
68	40	1
68	41	1
68	42	1
68	43	1
68	44	1
68	45	1
68	46	1
68	47	1
68	48	1
68	49	1
68	50	1
68	51	1
68	52	1
68	53	1
68	54	1
68	55	1
68	56	1
68	57	1
68	58	1
68	65	1
68	66	1
68	67	1
68	68	1
68	69	1
68	70	1
68	71	1
68	72	1
68	73	1
69	33	1
69	34	1
69	35	1
69	36	1
69	37	1
69	38	1
69	39	1
69	40	1
69	41	1
69	42	1
69	43	1
69	44	1
69	45	1
69	46	1
69	47	1
69	48	1
69	49	1
69	50	1
69	51	1
69	52	1
69	53	1
69	54	1
69	55	1
69	56	1
69	57	1
69	58	1
69	59	1
69	66	1
69	67	1
69	68	1
69	69	1
69	70	1
69	71	1
69	72	1
69	73	1
70	33	1
70	34	1
70	35	1
70	36	1
70	37	1
70	38	1
70	39	1
70	40	1
70	41	1
70	42	1
70	43	1
70	44	1
70	45	1
70	46	1
70	47	1
70	48	1
70	49	1
70	50	1
70	51	1
70	52	1
70	53	1
70	54	1
70	55	1
70	56	1
70	57	1
70	58	1
70	59	1
70	60	1
70	67	1
70	68	1
70	69	1
70	70	1
70	71	1
70	72	1
70	73	1
71	33	1
71	34	1
71	35	1
71	36	1
71	37	1
71	38	1
71	39	1
71	40	1
71	41	1
71	42	1
71	43	1
71	44	1
71	45	1
71	46	1
71	47	1
71	48	1
71	49	1
71	50	1
71	51	1
71	52	1
71	53	1
71	54	1
71	55	1
71	56	1
71	57	1
71	58	1
71	59	1
71	60	1
71	61	1
71	68	1
71	69	1
71	70	1
71	71	1
71	72	1
71	73	1
72	43	1
72	44	1
72	45	1
72	46	1
72	47	1
72	48	1
72	49	1
72	50	1
72	51	1
72	52	1
72	53	1
72	54	1
72	61	1
72	62	1
72	63	1
72	64	1
72	65	1
72	66	1
72	67	1
72	68	1
72	69	1
72	70	1
72	71	1
72	72	1
72	73	1
72	74	1
72	75	1
72	76	1
72	77	1
72	78	1
72	79	1
72	80	1
72	81	1
72	82	1
72	83	1
73	43	1
73	44	1
73	45	1
73	46	1
73	47	1
73	48	1
73	49	1
73	50	1
73	51	1
73	52	1
73	53	1
73	54	1
73	55	1
73	62	1
73	63	1
73	64	1
73	65	1
73	66	1
73	67	1
73	68	1
73	69	1
73	70	1
73	71	1
73	72	1
73	73	1
73	74	1
73	75	1
73	76	1
73	77	1
73	78	1
73	79	1
73	80	1
73	81	1
73	82	1
73	83	1
74	43	1
74	44	1
74	45	1
74	46	1
74	47	1
74	48	1
74	49	1
74	50	1
74	51	1
74	52	1
74	53	1
74	54	1
74	55	1
74	56	1
74	63	1
74	64	1
74	65	1
74	66	1
74	67	1
74	68	1
74	69	1
74	70	1
74	71	1
74	72	1
74	73	1
74	74	1
74	75	1
74	76	1
74	77	1
74	78	1
74	79	1
74	80	1
74	81	1
74	82	1
74	83	1
75	43	1
75	44	1
75	45	1
75	46	1
75	47	1
75	48	1
75	49	1
75	50	1
75	51	1
75	52	1
75	53	1
75	54	1
75	55	1
75	56	1
75	57	1
75	64	1
75	65	1
75	66	1
75	67	1
75	68	1
75	69	1
75	70	1
75	71	1
75	72	1
75	73	1
75	74	1
75	75	1
75	76	1
75	77	1
75	78	1
75	79	1
75	80	1
75	81	1
75	82	1
75	83	1
76	43	1
76	44	1
76	45	1
76	46	1
76	47	1
76	48	1
76	49	1
76	50	1
76	51	1
76	52	1
76	53	1
76	54	1
76	55	1
76	56	1
76	57	1
76	58	1
76	65	1
76	66	1
76	67	1
76	68	1
76	69	1
76	70	1
76	71	1
76	72	1
76	73	1
76	74	1
76	75	1
76	76	1
76	77	1
76	78	1
76	79	1
76	80	1
76	81	1
76	82	1
76	83	1
77	43	1
77	44	1
77	45	1
77	46	1
77	47	1
77	48	1
77	49	1
77	50	1
77	51	1
77	52	1
77	53	1
77	54	1
77	55	1
77	56	1
77	57	1
77	58	1
77	59	1
77	66	1
77	67	1
77	68	1
77	69	1
77	70	1
77	71	1
77	72	1
77	73	1
77	74	1
77	75	1
77	76	1
77	77	1
77	78	1
77	79	1
77	80	1
77	81	1
77	82	1
77	83	1
78	43	1
78	44	1
78	45	1
78	46	1
78	47	1
78	48	1
78	49	1
78	50	1
78	51	1
78	52	1
78	53	1
78	54	1
78	55	1
78	56	1
78	57	1
78	58	1
78	59	1
78	60	1
78	67	1
78	68	1
78	69	1
78	70	1
78	71	1
78	72	1
78	73	1
78	74	1
78	75	1
78	76	1
78	77	1
78	78	1
78	79	1
78	80	1
78	81	1
78	82	1
78	83	1
79	43	1
79	44	1
79	45	1
79	46	1
79	47	1
79	48	1
79	49	1
79	50	1
79	51	1
79	52	1
79	53	1
79	54	1
79	55	1
79	56	1
79	57	1
79	58	1
79	59	1
79	60	1
79	61	1
79	68	1
79	69	1
79	70	1
79	71	1
79	72	1
79	73	1
79	74	1
79	75	1
79	76	1
79	77	1
79	78	1
79	79	1
79	80	1
79	81	1
79	82	1
79	83	1
80	43	1
80	44	1
80	45	1
80	46	1
80	47	1
80	48	1
80	49	1
80	50	1
80	51	1
80	52	1
80	53	1
80	54	1
80	55	1
80	56	1
80	57	1
80	58	1
80	59	1
80	60	1
80	61	1
80	62	1
80	69	1
80	70	1
80	71	1
80	72	1
80	73	1
80	74	1
80	75	1
80	76	1
80	77	1
80	78	1
80	79	1
80	80	1
80	81	1
80	82	1
80	83	1
81	43	1
81	44	1
81	45	1
81	46	1
81	47	1
81	48	1
81	49	1
81	50	1
81	51	1
81	52	1
81	53	1
81	54	1
81	55	1
81	56	1
81	57	1
81	58	1
81	59	1
81	60	1
81	61	1
81	62	1
81	63	1
81	70	1
81	71	1
81	72	1
81	73	1
81	74	1
81	75	1
81	76	1
81	77	1
81	78	1
81	79	1
81	80	1
81	81	1
81	82	1
81	83	1
82	43	1
82	44	1
82	45	1
82	46	1
82	47	1
82	48	1
82	49	1
82	50	1
82	51	1
82	52	1
82	53	1
82	54	1
82	55	1
82	56	1
82	57	1
82	58	1
82	59	1
82	60	1
82	61	1
82	62	1
82	63	1
82	64	1
82	71	1
82	72	1
82	73	1
82	74	1
82	75	1
82	76	1
82	77	1
82	78	1
82	79	1
82	80	1
82	81	1
82	82	1
82	83	1
83	43	1
83	44	1
83	45	1
83	46	1
83	47	1
83	48	1
83	49	1
83	50	1
83	51	1
83	52	1
83	53	1
83	54	1
83	55	1
83	56	1
83	57	1
83	58	1
83	59	1
83	60	1
83	61	1
83	62	1
83	63	1
83	64	1
83	65	1
83	72	1
83	73	1
83	74	1
83	75	1
83	76	1
83	77	1
83	78	1
83	79	1
83	80	1
83	81	1
83	82	1
83	83	1
84	43	1
84	44	1
84	45	1
84	46	1
84	47	1
84	48	1
84	49	1
84	50	1
84	51	1
84	52	1
84	53	1
84	54	1
84	55	1
84	56	1
84	57	1
84	58	1
84	59	1
84	60	1
84	61	1
84	62	1
84	63	1
84	64	1
84	65	1
84	66	1
84	73	1
84	74	1
84	75	1
84	76	1
84	77	1
84	78	1
84	79	1
84	80	1
84	81	1
84	82	1
84	83	1
85	43	1
85	44	1
85	45	1
85	46	1
85	47	1
85	48	1
85	49	1
85	50	1
85	51	1
85	52	1
85	53	1
85	54	1
85	55	1
85	56	1
85	57	1
85	58	1
85	59	1
85	60	1
85	61	1
85	62	1
85	63	1
85	64	1
85	65	1
85	66	1
85	67	1
85	74	1
85	75	1
85	76	1
85	77	1
85	78	1
85	79	1
85	80	1
85	81	1
85	82	1
85	83	1
86	43	1
86	44	1
86	45	1
86	46	1
86	47	1
86	48	1
86	49	1
86	50	1
86	51	1
86	52	1
86	53	1
86	54	1
86	55	1
86	56	1
86	57	1
86	58	1
86	59	1
86	60	1
86	61	1
86	62	1
86	63	1
86	64	1
86	65	1
86	66	1
86	67	1
86	68	1
86	75	1
86	76	1
86	77	1
86	78	1
86	79	1
86	80	1
86	81	1
86	82	1
86	83	1
87	43	1
87	44	1
87	45	1
87	46	1
87	47	1
87	48	1
87	49	1
87	50	1
87	51	1
87	52	1
87	53	1
87	54	1
87	55	1
87	56	1
87	57	1
87	58	1
87	59	1
87	60	1
87	61	1
87	62	1
87	63	1
87	64	1
87	65	1
87	66	1
87	67	1
87	68	1
87	69	1
87	76	1
87	77	1
87	78	1
87	79	1
87	80	1
87	81	1
87	82	1
87	83	1
88	43	1
88	44	1
88	45	1
88	46	1
88	47	1
88	48	1
88	49	1
88	50	1
88	51	1
88	52	1
88	53	1
88	54	1
88	55	1
88	56	1
88	57	1
88	58	1
88	59	1
88	60	1
88	61	1
88	62	1
88	63	1
88	64	1
88	65	1
88	66	1
88	67	1
88	68	1
88	69	1
88	70	1
88	77	1
88	78	1
88	79	1
88	80	1
88	81	1
88	82	1
88	83	1
89	43	1
89	44	1
89	45	1
89	46	1
89	47	1
89	48	1
89	49	1
89	50	1
89	51	1
89	52	1
89	53	1
89	54	1
89	55	1
89	56	1
89	57	1
89	58	1
89	59	1
89	60	1
89	61	1
89	62	1
89	63	1
89	64	1
89	65	1
89	66	1
89	67	1
89	68	1
89	69	1
89	70	1
89	71	1
89	78	1
89	79	1
89	80	1
89	81	1
89	82	1
89	83	1
90	53	1
90	54	1
90	55	1
90	56	1
90	57	1
90	58	1
90	59	1
90	60	1
90	61	1
90	62	1
90	63	1
90	64	1
90	71	1
90	72	1
90	73	1
90	74	1
90	75	1
90	76	1
90	77	1
90	78	1
90	79	1
90	80	1
90	81	1
90	82	1
90	83	1
90	84	1
90	85	1
90	86	1
90	87	1
90	88	1
90	89	1
90	90	1
90	91	1
90	92	1
90	93	1
91	53	1
91	54	1
91	55	1
91	56	1
91	57	1
91	58	1
91	59	1
91	60	1
91	61	1
91	62	1
91	63	1
91	64	1
91	65	1
91	72	1
91	73	1
91	74	1
91	75	1
91	76	1
91	77	1
91	78	1
91	79	1
91	80	1
91	81	1
91	82	1
91	83	1
91	84	1
91	85	1
91	86	1
91	87	1
91	88	1
91	89	1
91	90	1
91	91	1
91	92	1
91	93	1
92	53	1
92	54	1
92	55	1
92	56	1
92	57	1
92	58	1
92	59	1
92	60	1
92	61	1
92	62	1
92	63	1
92	64	1
92	65	1
92	66	1
92	73	1
92	74	1
92	75	1
92	76	1
92	77	1
92	78	1
92	79	1
92	80	1
92	81	1
92	82	1
92	83	1
92	84	1
92	85	1
92	86	1
92	87	1
92	88	1
92	89	1
92	90	1
92	91	1
92	92	1
92	93	1
93	53	1
93	54	1
93	55	1
93	56	1
93	57	1
93	58	1
93	59	1
93	60	1
93	61	1
93	62	1
93	63	1
93	64	1
93	65	1
93	66	1
93	67	1
93	74	1
93	75	1
93	76	1
93	77	1
93	78	1
93	79	1
93	80	1
93	81	1
93	82	1
93	83	1
93	84	1
93	85	1
93	86	1
93	87	1
93	88	1
93	89	1
93	90	1
93	91	1
93	92	1
93	93	1
94	53	1
94	54	1
94	55	1
94	56	1
94	57	1
94	58	1
94	59	1
94	60	1
94	61	1
94	62	1
94	63	1
94	64	1
94	65	1
94	66	1
94	67	1
94	68	1
94	75	1
94	76	1
94	77	1
94	78	1
94	79	1
94	80	1
94	81	1
94	82	1
94	83	1
94	84	1
94	85	1
94	86	1
94	87	1
94	88	1
94	89	1
94	90	1
94	91	1
94	92	1
94	93	1
95	53	1
95	54	1
95	55	1
95	56	1
95	57	1
95	58	1
95	59	1
95	60	1
95	61	1
95	62	1
95	63	1
95	64	1
95	65	1
95	66	1
95	67	1
95	68	1
95	69	1
95	76	1
95	77	1
95	78	1
95	79	1
95	80	1
95	81	1
95	82	1
95	83	1
95	84	1
95	85	1
95	86	1
95	87	1
95	88	1
95	89	1
95	90	1
95	91	1
95	92	1
95	93	1
96	53	1
96	54	1
96	55	1
96	56	1
96	57	1
96	58	1
96	59	1
96	60	1
96	61	1
96	62	1
96	63	1
96	64	1
96	65	1
96	66	1
96	67	1
96	68	1
96	69	1
96	70	1
96	77	1
96	78	1
96	79	1
96	80	1
96	81	1
96	82	1
96	83	1
96	84	1
96	85	1
96	86	1
96	87	1
96	88	1
96	89	1
96	90	1
96	91	1
96	92	1
96	93	1
97	53	1
97	54	1
97	55	1
97	56	1
97	57	1
97	58	1
97	59	1
97	60	1
97	61	1
97	62	1
97	63	1
97	64	1
97	65	1
97	66	1
97	67	1
97	68	1
97	69	1
97	70	1
97	71	1
97	78	1
97	79	1
97	80	1
97	81	1
97	82	1
97	83	1
97	84	1
97	85	1
97	86	1
97	87	1
97	88	1
97	89	1
97	90	1
97	91	1
97	92	1
97	93	1
98	53	1
98	54	1
98	55	1
98	56	1
98	57	1
98	58	1
98	59	1
98	60	1
98	61	1
98	62	1
98	63	1
98	64	1
98	65	1
98	66	1
98	67	1
98	68	1
98	69	1
98	70	1
98	71	1
98	72	1
98	79	1
98	80	1
98	81	1
98	82	1
98	83	1
98	84	1
98	85	1
98	86	1
98	87	1
98	88	1
98	89	1
98	90	1
98	91	1
98	92	1
98	93	1
99	53	1
99	54	1
99	55	1
99	56	1
99	57	1
99	58	1
99	59	1
99	60	1
99	61	1
99	62	1
99	63	1
99	64	1
99	65	1
99	66	1
99	67	1
99	68	1
99	69	1
99	70	1
99	71	1
99	72	1
99	73	1
99	80	1
99	81	1
99	82	1
99	83	1
99	84	1
99	85	1
99	86	1
99	87	1
99	88	1
99	89	1
99	90	1
99	91	1
99	92	1
99	93	1
100	53	1
100	54	1
100	55	1
100	56	1
100	57	1
100	58	1
100	59	1
100	60	1
100	61	1
100	62	1
100	63	1
100	64	1
100	65	1
100	66	1
100	67	1
100	68	1
100	69	1
100	70	1
100	71	1
100	72	1
100	73	1
100	74	1
100	81	1
100	82	1
100	83	1
100	84	1
100	85	1
100	86	1
100	87	1
100	88	1
100	89	1
100	90	1
100	91	1
100	92	1
100	93	1
101	53	1
101	54	1
101	55	1
101	56	1
101	57	1
101	58	1
101	59	1
101	60	1
101	61	1
101	62	1
101	63	1
101	64	1
101	65	1
101	66	1
101	67	1
101	68	1
101	69	1
101	70	1
101	71	1
101	72	1
101	73	1
101	74	1
101	75	1
101	82	1
101	83	1
101	84	1
101	85	1
101	86	1
101	87	1
101	88	1
101	89	1
101	90	1
101	91	1
101	92	1
101	93	1
102	53	1
102	54	1
102	55	1
102	56	1
102	57	1
102	58	1
102	59	1
102	60	1
102	61	1
102	62	1
102	63	1
102	64	1
102	65	1
102	66	1
102	67	1
102	68	1
102	69	1
102	70	1
102	71	1
102	72	1
102	73	1
102	74	1
102	75	1
102	76	1
102	83	1
102	84	1
102	85	1
102	86	1
102	87	1
102	88	1
102	89	1
102	90	1
102	91	1
102	92	1
102	93	1
103	53	1
103	54	1
103	55	1
103	56	1
103	57	1
103	58	1
103	59	1
103	60	1
103	61	1
103	62	1
103	63	1
103	64	1
103	65	1
103	66	1
103	67	1
103	68	1
103	69	1
103	70	1
103	71	1
103	72	1
103	73	1
103	74	1
103	75	1
103	76	1
103	77	1
103	84	1
103	85	1
103	86	1
103	87	1
103	88	1
103	89	1
103	90	1
103	91	1
103	92	1
103	93	1
104	53	1
104	54	1
104	55	1
104	56	1
104	57	1
104	58	1
104	59	1
104	60	1
104	61	1
104	62	1
104	63	1
104	64	1
104	65	1
104	66	1
104	67	1
104	68	1
104	69	1
104	70	1
104	71	1
104	72	1
104	73	1
104	74	1
104	75	1
104	76	1
104	77	1
104	78	1
104	85	1
104	86	1
104	87	1
104	88	1
104	89	1
104	90	1
104	91	1
104	92	1
104	93	1
105	53	1
105	54	1
105	55	1
105	56	1
105	57	1
105	58	1
105	59	1
105	60	1
105	61	1
105	62	1
105	63	1
105	64	1
105	65	1
105	66	1
105	67	1
105	68	1
105	69	1
105	70	1
105	71	1
105	72	1
105	73	1
105	74	1
105	75	1
105	76	1
105	77	1
105	78	1
105	79	1
105	86	1
105	87	1
105	88	1
105	89	1
105	90	1
105	91	1
105	92	1
105	93	1
106	53	1
106	54	1
106	55	1
106	56	1
106	57	1
106	58	1
106	59	1
106	60	1
106	61	1
106	62	1
106	63	1
106	64	1
106	65	1
106	66	1
106	67	1
106	68	1
106	69	1
106	70	1
106	71	1
106	72	1
106	73	1
106	74	1
106	75	1
106	76	1
106	77	1
106	78	1
106	79	1
106	80	1
106	87	1
106	88	1
106	89	1
106	90	1
106	91	1
106	92	1
106	93	1
107	53	1
107	54	1
107	55	1
107	56	1
107	57	1
107	58	1
107	59	1
107	60	1
107	61	1
107	62	1
107	63	1
107	64	1
107	65	1
107	66	1
107	67	1
107	68	1
107	69	1
107	70	1
107	71	1
107	72	1
107	73	1
107	74	1
107	75	1
107	76	1
107	77	1
107	78	1
107	79	1
107	80	1
107	81	1
107	88	1
107	89	1
107	90	1
107	91	1
107	92	1
107	93	1
108	63	1
108	64	1
108	65	1
108	66	1
108	67	1
108	68	1
108	69	1
108	70	1
108	71	1
108	72	1
108	73	1
108	74	1
108	81	1
108	82	1
108	83	1
108	84	1
108	85	1
108	86	1
108	87	1
108	88	1
108	89	1
108	90	1
108	91	1
108	92	1
108	93	1
108	94	1
108	95	1
108	96	1
108	97	1
108	98	1
108	99	1
108	100	1
108	101	1
108	102	1
108	103	1
109	63	1
109	64	1
109	65	1
109	66	1
109	67	1
109	68	1
109	69	1
109	70	1
109	71	1
109	72	1
109	73	1
109	74	1
109	75	1
109	82	1
109	83	1
109	84	1
109	85	1
109	86	1
109	87	1
109	88	1
109	89	1
109	90	1
109	91	1
109	92	1
109	93	1
109	94	1
109	95	1
109	96	1
109	97	1
109	98	1
109	99	1
109	100	1
109	101	1
109	102	1
109	103	1
110	63	1
110	64	1
110	65	1
110	66	1
110	67	1
110	68	1
110	69	1
110	70	1
110	71	1
110	72	1
110	73	1
110	74	1
110	75	1
110	76	1
110	83	1
110	84	1
110	85	1
110	86	1
110	87	1
110	88	1
110	89	1
110	90	1
110	91	1
110	92	1
110	93	1
110	94	1
110	95	1
110	96	1
110	97	1
110	98	1
110	99	1
110	100	1
110	101	1
110	102	1
110	103	1
111	63	1
111	64	1
111	65	1
111	66	1
111	67	1
111	68	1
111	69	1
111	70	1
111	71	1
111	72	1
111	73	1
111	74	1
111	75	1
111	76	1
111	77	1
111	84	1
111	85	1
111	86	1
111	87	1
111	88	1
111	89	1
111	90	1
111	91	1
111	92	1
111	93	1
111	94	1
111	95	1
111	96	1
111	97	1
111	98	1
111	99	1
111	100	1
111	101	1
111	102	1
111	103	1
112	63	1
112	64	1
112	65	1
112	66	1
112	67	1
112	68	1
112	69	1
112	70	1
112	71	1
112	72	1
112	73	1
112	74	1
112	75	1
112	76	1
112	77	1
112	78	1
112	85	1
112	86	1
112	87	1
112	88	1
112	89	1
112	90	1
112	91	1
112	92	1
112	93	1
112	94	1
112	95	1
112	96	1
112	97	1
112	98	1
112	99	1
112	100	1
112	101	1
112	102	1
112	103	1
113	63	1
113	64	1
113	65	1
113	66	1
113	67	1
113	68	1
113	69	1
113	70	1
113	71	1
113	72	1
113	73	1
113	74	1
113	75	1
113	76	1
113	77	1
113	78	1
113	79	1
113	86	1
113	87	1
113	88	1
113	89	1
113	90	1
113	91	1
113	92	1
113	93	1
113	94	1
113	95	1
113	96	1
113	97	1
113	98	1
113	99	1
113	100	1
113	101	1
113	102	1
113	103	1
114	63	1
114	64	1
114	65	1
114	66	1
114	67	1
114	68	1
114	69	1
114	70	1
114	71	1
114	72	1
114	73	1
114	74	1
114	75	1
114	76	1
114	77	1
114	78	1
114	79	1
114	80	1
114	87	1
114	88	1
114	89	1
114	90	1
114	91	1
114	92	1
114	93	1
114	94	1
114	95	1
114	96	1
114	97	1
114	98	1
114	99	1
114	100	1
114	101	1
114	102	1
114	103	1
115	63	1
115	64	1
115	65	1
115	66	1
115	67	1
115	68	1
115	69	1
115	70	1
115	71	1
115	72	1
115	73	1
115	74	1
115	75	1
115	76	1
115	77	1
115	78	1
115	79	1
115	80	1
115	81	1
115	88	1
115	89	1
115	90	1
115	91	1
115	92	1
115	93	1
115	94	1
115	95	1
115	96	1
115	97	1
115	98	1
115	99	1
115	100	1
115	101	1
115	102	1
115	103	1
116	63	1
116	64	1
116	65	1
116	66	1
116	67	1
116	68	1
116	69	1
116	70	1
116	71	1
116	72	1
116	73	1
116	74	1
116	75	1
116	76	1
116	77	1
116	78	1
116	79	1
116	80	1
116	81	1
116	82	1
116	89	1
116	90	1
116	91	1
116	92	1
116	93	1
116	94	1
116	95	1
116	96	1
116	97	1
116	98	1
116	99	1
116	100	1
116	101	1
116	102	1
116	103	1
117	63	1
117	64	1
117	65	1
117	66	1
117	67	1
117	68	1
117	69	1
117	70	1
117	71	1
117	72	1
117	73	1
117	74	1
117	75	1
117	76	1
117	77	1
117	78	1
117	79	1
117	80	1
117	81	1
117	82	1
117	83	1
117	90	1
117	91	1
117	92	1
117	93	1
117	94	1
117	95	1
117	96	1
117	97	1
117	98	1
117	99	1
117	100	1
117	101	1
117	102	1
117	103	1
118	63	1
118	64	1
118	65	1
118	66	1
118	67	1
118	68	1
118	69	1
118	70	1
118	71	1
118	72	1
118	73	1
118	74	1
118	75	1
118	76	1
118	77	1
118	78	1
118	79	1
118	80	1
118	81	1
118	82	1
118	83	1
118	84	1
118	91	1
118	92	1
118	93	1
118	94	1
118	95	1
118	96	1
118	97	1
118	98	1
118	99	1
118	100	1
118	101	1
118	102	1
118	103	1
119	63	1
119	64	1
119	65	1
119	66	1
119	67	1
119	68	1
119	69	1
119	70	1
119	71	1
119	72	1
119	73	1
119	74	1
119	75	1
119	76	1
119	77	1
119	78	1
119	79	1
119	80	1
119	81	1
119	82	1
119	83	1
119	84	1
119	85	1
119	92	1
119	93	1
119	94	1
119	95	1
119	96	1
119	97	1
119	98	1
119	99	1
119	100	1
119	101	1
119	102	1
119	103	1
120	63	1
120	64	1
120	65	1
120	66	1
120	67	1
120	68	1
120	69	1
120	70	1
120	71	1
120	72	1
120	73	1
120	74	1
120	75	1
120	76	1
120	77	1
120	78	1
120	79	1
120	80	1
120	81	1
120	82	1
120	83	1
120	84	1
120	85	1
120	86	1
120	93	1
120	94	1
120	95	1
120	96	1
120	97	1
120	98	1
120	99	1
120	100	1
120	101	1
120	102	1
120	103	1
121	63	1
121	64	1
121	65	1
121	66	1
121	67	1
121	68	1
121	69	1
121	70	1
121	71	1
121	72	1
121	73	1
121	74	1
121	75	1
121	76	1
121	77	1
121	78	1
121	79	1
121	80	1
121	81	1
121	82	1
121	83	1
121	84	1
121	85	1
121	86	1
121	87	1
121	94	1
121	95	1
121	96	1
121	97	1
121	98	1
121	99	1
121	100	1
121	101	1
121	102	1
121	103	1
122	63	1
122	64	1
122	65	1
122	66	1
122	67	1
122	68	1
122	69	1
122	70	1
122	71	1
122	72	1
122	73	1
122	74	1
122	75	1
122	76	1
122	77	1
122	78	1
122	79	1
122	80	1
122	81	1
122	82	1
122	83	1
122	84	1
122	85	1
122	86	1
122	87	1
122	88	1
122	95	1
122	96	1
122	97	1
122	98	1
122	99	1
122	100	1
122	101	1
122	102	1
122	103	1
123	63	1
123	64	1
123	65	1
123	66	1
123	67	1
123	68	1
123	69	1
123	70	1
123	71	1
123	72	1
123	73	1
123	74	1
123	75	1
123	76	1
123	77	1
123	78	1
123	79	1
123	80	1
123	81	1
123	82	1
123	83	1
123	84	1
123	85	1
123	86	1
123	87	1
123	88	1
123	89	1
123	96	1
123	97	1
123	98	1
123	99	1
123	100	1
123	101	1
123	102	1
123	103	1
124	63	1
124	64	1
124	65	1
124	66	1
124	67	1
124	68	1
124	69	1
124	70	1
124	71	1
124	72	1
124	73	1
124	74	1
124	75	1
124	76	1
124	77	1
124	78	1
124	79	1
124	80	1
124	81	1
124	82	1
124	83	1
124	84	1
124	85	1
124	86	1
124	87	1
124	88	1
124	89	1
124	90	1
124	97	1
124	98	1
124	99	1
124	100	1
124	101	1
124	102	1
124	103	1
125	63	1
125	64	1
125	65	1
125	66	1
125	67	1
125	68	1
125	69	1
125	70	1
125	71	1
125	72	1
125	73	1
125	74	1
125	75	1
125	76	1
125	77	1
125	78	1
125	79	1
125	80	1
125	81	1
125	82	1
125	83	1
125	84	1
125	85	1
125	86	1
125	87	1
125	88	1
125	89	1
125	90	1
125	91	1
125	98	1
125	99	1
125	100	1
125	101	1
125	102	1
125	103	1
126	73	1
126	74	1
126	75	1
126	76	1
126	77	1
126	78	1
126	79	1
126	80	1
126	81	1
126	82	1
126	83	1
126	84	1
126	91	1
126	92	1
126	93	1
126	94	1
126	95	1
126	96	1
126	97	1
126	98	1
126	99	1
126	100	1
126	101	1
126	102	1
126	103	1
126	104	1
126	105	1
126	106	1
126	107	1
126	108	1
126	109	1
126	110	1
126	111	1
126	112	1
126	113	1
127	73	1
127	74	1
127	75	1
127	76	1
127	77	1
127	78	1
127	79	1
127	80	1
127	81	1
127	82	1
127	83	1
127	84	1
127	85	1
127	92	1
127	93	1
127	94	1
127	95	1
127	96	1
127	97	1
127	98	1
127	99	1
127	100	1
127	101	1
127	102	1
127	103	1
127	104	1
127	105	1
127	106	1
127	107	1
127	108	1
127	109	1
127	110	1
127	111	1
127	112	1
127	113	1
128	73	1
128	74	1
128	75	1
128	76	1
128	77	1
128	78	1
128	79	1
128	80	1
128	81	1
128	82	1
128	83	1
128	84	1
128	85	1
128	86	1
128	93	1
128	94	1
128	95	1
128	96	1
128	97	1
128	98	1
128	99	1
128	100	1
128	101	1
128	102	1
128	103	1
128	104	1
128	105	1
128	106	1
128	107	1
128	108	1
128	109	1
128	110	1
128	111	1
128	112	1
128	113	1
129	73	1
129	74	1
129	75	1
129	76	1
129	77	1
129	78	1
129	79	1
129	80	1
129	81	1
129	82	1
129	83	1
129	84	1
129	85	1
129	86	1
129	87	1
129	94	1
129	95	1
129	96	1
129	97	1
129	98	1
129	99	1
129	100	1
129	101	1
129	102	1
129	103	1
129	104	1
129	105	1
129	106	1
129	107	1
129	108	1
129	109	1
129	110	1
129	111	1
129	112	1
129	113	1
130	73	1
130	74	1
130	75	1
130	76	1
130	77	1
130	78	1
130	79	1
130	80	1
130	81	1
130	82	1
130	83	1
130	84	1
130	85	1
130	86	1
130	87	1
130	88	1
130	95	1
130	96	1
130	97	1
130	98	1
130	99	1
130	100	1
130	101	1
130	102	1
130	103	1
130	104	1
130	105	1
130	106	1
130	107	1
130	108	1
130	109	1
130	110	1
130	111	1
130	112	1
130	113	1
131	73	1
131	74	1
131	75	1
131	76	1
131	77	1
131	78	1
131	79	1
131	80	1
131	81	1
131	82	1
131	83	1
131	84	1
131	85	1
131	86	1
131	87	1
131	88	1
131	89	1
131	96	1
131	97	1
131	98	1
131	99	1
131	100	1
131	101	1
131	102	1
131	103	1
131	104	1
131	105	1
131	106	1
131	107	1
131	108	1
131	109	1
131	110	1
131	111	1
131	112	1
131	113	1
132	73	1
132	74	1
132	75	1
132	76	1
132	77	1
132	78	1
132	79	1
132	80	1
132	81	1
132	82	1
132	83	1
132	84	1
132	85	1
132	86	1
132	87	1
132	88	1
132	89	1
132	90	1
132	97	1
132	98	1
132	99	1
132	100	1
132	101	1
132	102	1
132	103	1
132	104	1
132	105	1
132	106	1
132	107	1
132	108	1
132	109	1
132	110	1
132	111	1
132	112	1
132	113	1
133	73	1
133	74	1
133	75	1
133	76	1
133	77	1
133	78	1
133	79	1
133	80	1
133	81	1
133	82	1
133	83	1
133	84	1
133	85	1
133	86	1
133	87	1
133	88	1
133	89	1
133	90	1
133	91	1
133	98	1
133	99	1
133	100	1
133	101	1
133	102	1
133	103	1
133	104	1
133	105	1
133	106	1
133	107	1
133	108	1
133	109	1
133	110	1
133	111	1
133	112	1
133	113	1
134	73	1
134	74	1
134	75	1
134	76	1
134	77	1
134	78	1
134	79	1
134	80	1
134	81	1
134	82	1
134	83	1
134	84	1
134	85	1
134	86	1
134	87	1
134	88	1
134	89	1
134	90	1
134	91	1
134	92	1
134	99	1
134	100	1
134	101	1
134	102	1
134	103	1
134	104	1
134	105	1
134	106	1
134	107	1
134	108	1
134	109	1
134	110	1
134	111	1
134	112	1
134	113	1
135	73	1
135	74	1
135	75	1
135	76	1
135	77	1
135	78	1
135	79	1
135	80	1
135	81	1
135	82	1
135	83	1
135	84	1
135	85	1
135	86	1
135	87	1
135	88	1
135	89	1
135	90	1
135	91	1
135	92	1
135	93	1
135	100	1
135	101	1
135	102	1
135	103	1
135	104	1
135	105	1
135	106	1
135	107	1
135	108	1
135	109	1
135	110	1
135	111	1
135	112	1
135	113	1
136	73	1
136	74	1
136	75	1
136	76	1
136	77	1
136	78	1
136	79	1
136	80	1
136	81	1
136	82	1
136	83	1
136	84	1
136	85	1
136	86	1
136	87	1
136	88	1
136	89	1
136	90	1
136	91	1
136	92	1
136	93	1
136	94	1
136	101	1
136	102	1
136	103	1
136	104	1
136	105	1
136	106	1
136	107	1
136	108	1
136	109	1
136	110	1
136	111	1
136	112	1
136	113	1
137	73	1
137	74	1
137	75	1
137	76	1
137	77	1
137	78	1
137	79	1
137	80	1
137	81	1
137	82	1
137	83	1
137	84	1
137	85	1
137	86	1
137	87	1
137	88	1
137	89	1
137	90	1
137	91	1
137	92	1
137	93	1
137	94	1
137	95	1
137	102	1
137	103	1
137	104	1
137	105	1
137	106	1
137	107	1
137	108	1
137	109	1
137	110	1
137	111	1
137	112	1
137	113	1
138	73	1
138	74	1
138	75	1
138	76	1
138	77	1
138	78	1
138	79	1
138	80	1
138	81	1
138	82	1
138	83	1
138	84	1
138	85	1
138	86	1
138	87	1
138	88	1
138	89	1
138	90	1
138	91	1
138	92	1
138	93	1
138	94	1
138	95	1
138	96	1
138	103	1
138	104	1
138	105	1
138	106	1
138	107	1
138	108	1
138	109	1
138	110	1
138	111	1
138	112	1
138	113	1
139	73	1
139	74	1
139	75	1
139	76	1
139	77	1
139	78	1
139	79	1
139	80	1
139	81	1
139	82	1
139	83	1
139	84	1
139	85	1
139	86	1
139	87	1
139	88	1
139	89	1
139	90	1
139	91	1
139	92	1
139	93	1
139	94	1
139	95	1
139	96	1
139	97	1
139	104	1
139	105	1
139	106	1
139	107	1
139	108	1
139	109	1
139	110	1
139	111	1
139	112	1
139	113	1
140	73	1
140	74	1
140	75	1
140	76	1
140	77	1
140	78	1
140	79	1
140	80	1
140	81	1
140	82	1
140	83	1
140	84	1
140	85	1
140	86	1
140	87	1
140	88	1
140	89	1
140	90	1
140	91	1
140	92	1
140	93	1
140	94	1
140	95	1
140	96	1
140	97	1
140	98	1
140	105	1
140	106	1
140	107	1
140	108	1
140	109	1
140	110	1
140	111	1
140	112	1
140	113	1
141	73	1
141	74	1
141	75	1
141	76	1
141	77	1
141	78	1
141	79	1
141	80	1
141	81	1
141	82	1
141	83	1
141	84	1
141	85	1
141	86	1
141	87	1
141	88	1
141	89	1
141	90	1
141	91	1
141	92	1
141	93	1
141	94	1
141	95	1
141	96	1
141	97	1
141	98	1
141	99	1
141	106	1
141	107	1
141	108	1
141	109	1
141	110	1
141	111	1
141	112	1
141	113	1
142	73	1
142	74	1
142	75	1
142	76	1
142	77	1
142	78	1
142	79	1
142	80	1
142	81	1
142	82	1
142	83	1
142	84	1
142	85	1
142	86	1
142	87	1
142	88	1
142	89	1
142	90	1
142	91	1
142	92	1
142	93	1
142	94	1
142	95	1
142	96	1
142	97	1
142	98	1
142	99	1
142	100	1
142	107	1
142	108	1
142	109	1
142	110	1
142	111	1
142	112	1
142	113	1
143	73	1
143	74	1
143	75	1
143	76	1
143	77	1
143	78	1
143	79	1
143	80	1
143	81	1
143	82	1
143	83	1
143	84	1
143	85	1
143	86	1
143	87	1
143	88	1
143	89	1
143	90	1
143	91	1
143	92	1
143	93	1
143	94	1
143	95	1
143	96	1
143	97	1
143	98	1
143	99	1
143	100	1
143	101	1
143	108	1
143	109	1
143	110	1
143	111	1
143	112	1
143	113	1
144	83	1
144	84	1
144	85	1
144	86	1
144	87	1
144	88	1
144	89	1
144	90	1
144	91	1
144	92	1
144	93	1
144	94	1
144	101	1
144	102	1
144	103	1
144	104	1
144	105	1
144	106	1
144	107	1
144	108	1
144	109	1
144	110	1
144	111	1
144	112	1
144	113	1
144	114	1
144	115	1
144	116	1
144	117	1
144	118	1
144	119	1
144	120	1
144	121	1
144	122	1
144	123	1
145	83	1
145	84	1
145	85	1
145	86	1
145	87	1
145	88	1
145	89	1
145	90	1
145	91	1
145	92	1
145	93	1
145	94	1
145	95	1
145	102	1
145	103	1
145	104	1
145	105	1
145	106	1
145	107	1
145	108	1
145	109	1
145	110	1
145	111	1
145	112	1
145	113	1
145	114	1
145	115	1
145	116	1
145	117	1
145	118	1
145	119	1
145	120	1
145	121	1
145	122	1
145	123	1
146	83	1
146	84	1
146	85	1
146	86	1
146	87	1
146	88	1
146	89	1
146	90	1
146	91	1
146	92	1
146	93	1
146	94	1
146	95	1
146	96	1
146	103	1
146	104	1
146	105	1
146	106	1
146	107	1
146	108	1
146	109	1
146	110	1
146	111	1
146	112	1
146	113	1
146	114	1
146	115	1
146	116	1
146	117	1
146	118	1
146	119	1
146	120	1
146	121	1
146	122	1
146	123	1
147	83	1
147	84	1
147	85	1
147	86	1
147	87	1
147	88	1
147	89	1
147	90	1
147	91	1
147	92	1
147	93	1
147	94	1
147	95	1
147	96	1
147	97	1
147	104	1
147	105	1
147	106	1
147	107	1
147	108	1
147	109	1
147	110	1
147	111	1
147	112	1
147	113	1
147	114	1
147	115	1
147	116	1
147	117	1
147	118	1
147	119	1
147	120	1
147	121	1
147	122	1
147	123	1
148	83	1
148	84	1
148	85	1
148	86	1
148	87	1
148	88	1
148	89	1
148	90	1
148	91	1
148	92	1
148	93	1
148	94	1
148	95	1
148	96	1
148	97	1
148	98	1
148	105	1
148	106	1
148	107	1
148	108	1
148	109	1
148	110	1
148	111	1
148	112	1
148	113	1
148	114	1
148	115	1
148	116	1
148	117	1
148	118	1
148	119	1
148	120	1
148	121	1
148	122	1
148	123	1
149	83	1
149	84	1
149	85	1
149	86	1
149	87	1
149	88	1
149	89	1
149	90	1
149	91	1
149	92	1
149	93	1
149	94	1
149	95	1
149	96	1
149	97	1
149	98	1
149	99	1
149	106	1
149	107	1
149	108	1
149	109	1
149	110	1
149	111	1
149	112	1
149	113	1
149	114	1
149	115	1
149	116	1
149	117	1
149	118	1
149	119	1
149	120	1
149	121	1
149	122	1
149	123	1
150	83	1
150	84	1
150	85	1
150	86	1
150	87	1
150	88	1
150	89	1
150	90	1
150	91	1
150	92	1
150	93	1
150	94	1
150	95	1
150	96	1
150	97	1
150	98	1
150	99	1
150	100	1
150	107	1
150	108	1
150	109	1
150	110	1
150	111	1
150	112	1
150	113	1
150	114	1
150	115	1
150	116	1
150	117	1
150	118	1
150	119	1
150	120	1
150	121	1
150	122	1
150	123	1
151	83	1
151	84	1
151	85	1
151	86	1
151	87	1
151	88	1
151	89	1
151	90	1
151	91	1
151	92	1
151	93	1
151	94	1
151	95	1
151	96	1
151	97	1
151	98	1
151	99	1
151	100	1
151	101	1
151	108	1
151	109	1
151	110	1
151	111	1
151	112	1
151	113	1
151	114	1
151	115	1
151	116	1
151	117	1
151	118	1
151	119	1
151	120	1
151	121	1
151	122	1
151	123	1
152	83	1
152	84	1
152	85	1
152	86	1
152	87	1
152	88	1
152	89	1
152	90	1
152	91	1
152	92	1
152	93	1
152	94	1
152	95	1
152	96	1
152	97	1
152	98	1
152	99	1
152	100	1
152	101	1
152	102	1
152	109	1
152	110	1
152	111	1
152	112	1
152	113	1
152	114	1
152	115	1
152	116	1
152	117	1
152	118	1
152	119	1
152	120	1
152	121	1
152	122	1
152	123	1
153	83	1
153	84	1
153	85	1
153	86	1
153	87	1
153	88	1
153	89	1
153	90	1
153	91	1
153	92	1
153	93	1
153	94	1
153	95	1
153	96	1
153	97	1
153	98	1
153	99	1
153	100	1
153	101	1
153	102	1
153	103	1
153	110	1
153	111	1
153	112	1
153	113	1
153	114	1
153	115	1
153	116	1
153	117	1
153	118	1
153	119	1
153	120	1
153	121	1
153	122	1
153	123	1
154	83	1
154	84	1
154	85	1
154	86	1
154	87	1
154	88	1
154	89	1
154	90	1
154	91	1
154	92	1
154	93	1
154	94	1
154	95	1
154	96	1
154	97	1
154	98	1
154	99	1
154	100	1
154	101	1
154	102	1
154	103	1
154	104	1
154	111	1
154	112	1
154	113	1
154	114	1
154	115	1
154	116	1
154	117	1
154	118	1
154	119	1
154	120	1
154	121	1
154	122	1
154	123	1
155	83	1
155	84	1
155	85	1
155	86	1
155	87	1
155	88	1
155	89	1
155	90	1
155	91	1
155	92	1
155	93	1
155	94	1
155	95	1
155	96	1
155	97	1
155	98	1
155	99	1
155	100	1
155	101	1
155	102	1
155	103	1
155	104	1
155	105	1
155	112	1
155	113	1
155	114	1
155	115	1
155	116	1
155	117	1
155	118	1
155	119	1
155	120	1
155	121	1
155	122	1
155	123	1
156	83	1
156	84	1
156	85	1
156	86	1
156	87	1
156	88	1
156	89	1
156	90	1
156	91	1
156	92	1
156	93	1
156	94	1
156	95	1
156	96	1
156	97	1
156	98	1
156	99	1
156	100	1
156	101	1
156	102	1
156	103	1
156	104	1
156	105	1
156	106	1
156	113	1
156	114	1
156	115	1
156	116	1
156	117	1
156	118	1
156	119	1
156	120	1
156	121	1
156	122	1
156	123	1
157	83	1
157	84	1
157	85	1
157	86	1
157	87	1
157	88	1
157	89	1
157	90	1
157	91	1
157	92	1
157	93	1
157	94	1
157	95	1
157	96	1
157	97	1
157	98	1
157	99	1
157	100	1
157	101	1
157	102	1
157	103	1
157	104	1
157	105	1
157	106	1
157	107	1
157	114	1
157	115	1
157	116	1
157	117	1
157	118	1
157	119	1
157	120	1
157	121	1
157	122	1
157	123	1
158	83	1
158	84	1
158	85	1
158	86	1
158	87	1
158	88	1
158	89	1
158	90	1
158	91	1
158	92	1
158	93	1
158	94	1
158	95	1
158	96	1
158	97	1
158	98	1
158	99	1
158	100	1
158	101	1
158	102	1
158	103	1
158	104	1
158	105	1
158	106	1
158	107	1
158	108	1
158	115	1
158	116	1
158	117	1
158	118	1
158	119	1
158	120	1
158	121	1
158	122	1
158	123	1
159	83	1
159	84	1
159	85	1
159	86	1
159	87	1
159	88	1
159	89	1
159	90	1
159	91	1
159	92	1
159	93	1
159	94	1
159	95	1
159	96	1
159	97	1
159	98	1
159	99	1
159	100	1
159	101	1
159	102	1
159	103	1
159	104	1
159	105	1
159	106	1
159	107	1
159	108	1
159	109	1
159	116	1
159	117	1
159	118	1
159	119	1
159	120	1
159	121	1
159	122	1
159	123	1
160	83	1
160	84	1
160	85	1
160	86	1
160	87	1
160	88	1
160	89	1
160	90	1
160	91	1
160	92	1
160	93	1
160	94	1
160	95	1
160	96	1
160	97	1
160	98	1
160	99	1
160	100	1
160	101	1
160	102	1
160	103	1
160	104	1
160	105	1
160	106	1
160	107	1
160	108	1
160	109	1
160	110	1
160	117	1
160	118	1
160	119	1
160	120	1
160	121	1
160	122	1
160	123	1
161	83	1
161	84	1
161	85	1
161	86	1
161	87	1
161	88	1
161	89	1
161	90	1
161	91	1
161	92	1
161	93	1
161	94	1
161	95	1
161	96	1
161	97	1
161	98	1
161	99	1
161	100	1
161	101	1
161	102	1
161	103	1
161	104	1
161	105	1
161	106	1
161	107	1
161	108	1
161	109	1
161	110	1
161	111	1
161	118	1
161	119	1
161	120	1
161	121	1
161	122	1
161	123	1
162	93	1
162	94	1
162	95	1
162	96	1
162	97	1
162	98	1
162	99	1
162	100	1
162	101	1
162	102	1
162	103	1
162	104	1
162	111	1
162	112	1
162	113	1
162	114	1
162	115	1
162	116	1
162	117	1
162	118	1
162	119	1
162	120	1
162	121	1
162	122	1
162	123	1
162	124	1
162	125	1
162	126	1
162	127	1
162	128	1
162	129	1
162	130	1
162	131	1
162	132	1
162	133	1
163	93	1
163	94	1
163	95	1
163	96	1
163	97	1
163	98	1
163	99	1
163	100	1
163	101	1
163	102	1
163	103	1
163	104	1
163	105	1
163	112	1
163	113	1
163	114	1
163	115	1
163	116	1
163	117	1
163	118	1
163	119	1
163	120	1
163	121	1
163	122	1
163	123	1
163	124	1
163	125	1
163	126	1
163	127	1
163	128	1
163	129	1
163	130	1
163	131	1
163	132	1
163	133	1
164	93	1
164	94	1
164	95	1
164	96	1
164	97	1
164	98	1
164	99	1
164	100	1
164	101	1
164	102	1
164	103	1
164	104	1
164	105	1
164	106	1
164	113	1
164	114	1
164	115	1
164	116	1
164	117	1
164	118	1
164	119	1
164	120	1
164	121	1
164	122	1
164	123	1
164	124	1
164	125	1
164	126	1
164	127	1
164	128	1
164	129	1
164	130	1
164	131	1
164	132	1
164	133	1
165	93	1
165	94	1
165	95	1
165	96	1
165	97	1
165	98	1
165	99	1
165	100	1
165	101	1
165	102	1
165	103	1
165	104	1
165	105	1
165	106	1
165	107	1
165	114	1
165	115	1
165	116	1
165	117	1
165	118	1
165	119	1
165	120	1
165	121	1
165	122	1
165	123	1
165	124	1
165	125	1
165	126	1
165	127	1
165	128	1
165	129	1
165	130	1
165	131	1
165	132	1
165	133	1
166	93	1
166	94	1
166	95	1
166	96	1
166	97	1
166	98	1
166	99	1
166	100	1
166	101	1
166	102	1
166	103	1
166	104	1
166	105	1
166	106	1
166	107	1
166	108	1
166	115	1
166	116	1
166	117	1
166	118	1
166	119	1
166	120	1
166	121	1
166	122	1
166	123	1
166	124	1
166	125	1
166	126	1
166	127	1
166	128	1
166	129	1
166	130	1
166	131	1
166	132	1
166	133	1
167	93	1
167	94	1
167	95	1
167	96	1
167	97	1
167	98	1
167	99	1
167	100	1
167	101	1
167	102	1
167	103	1
167	104	1
167	105	1
167	106	1
167	107	1
167	108	1
167	109	1
167	116	1
167	117	1
167	118	1
167	119	1
167	120	1
167	121	1
167	122	1
167	123	1
167	124	1
167	125	1
167	126	1
167	127	1
167	128	1
167	129	1
167	130	1
167	131	1
167	132	1
167	133	1
168	93	1
168	94	1
168	95	1
168	96	1
168	97	1
168	98	1
168	99	1
168	100	1
168	101	1
168	102	1
168	103	1
168	104	1
168	105	1
168	106	1
168	107	1
168	108	1
168	109	1
168	110	1
168	117	1
168	118	1
168	119	1
168	120	1
168	121	1
168	122	1
168	123	1
168	124	1
168	125	1
168	126	1
168	127	1
168	128	1
168	129	1
168	130	1
168	131	1
168	132	1
168	133	1
169	93	1
169	94	1
169	95	1
169	96	1
169	97	1
169	98	1
169	99	1
169	100	1
169	101	1
169	102	1
169	103	1
169	104	1
169	105	1
169	106	1
169	107	1
169	108	1
169	109	1
169	110	1
169	111	1
169	118	1
169	119	1
169	120	1
169	121	1
169	122	1
169	123	1
169	124	1
169	125	1
169	126	1
169	127	1
169	128	1
169	129	1
169	130	1
169	131	1
169	132	1
169	133	1
170	93	1
170	94	1
170	95	1
170	96	1
170	97	1
170	98	1
170	99	1
170	100	1
170	101	1
170	102	1
170	103	1
170	104	1
170	105	1
170	106	1
170	107	1
170	108	1
170	109	1
170	110	1
170	111	1
170	112	1
170	119	1
170	120	1
170	121	1
170	122	1
170	123	1
170	124	1
170	125	1
170	126	1
170	127	1
170	128	1
170	129	1
170	130	1
170	131	1
170	132	1
170	133	1
171	93	1
171	94	1
171	95	1
171	96	1
171	97	1
171	98	1
171	99	1
171	100	1
171	101	1
171	102	1
171	103	1
171	104	1
171	105	1
171	106	1
171	107	1
171	108	1
171	109	1
171	110	1
171	111	1
171	112	1
171	113	1
171	120	1
171	121	1
171	122	1
171	123	1
171	124	1
171	125	1
171	126	1
171	127	1
171	128	1
171	129	1
171	130	1
171	131	1
171	132	1
171	133	1
172	93	1
172	94	1
172	95	1
172	96	1
172	97	1
172	98	1
172	99	1
172	100	1
172	101	1
172	102	1
172	103	1
172	104	1
172	105	1
172	106	1
172	107	1
172	108	1
172	109	1
172	110	1
172	111	1
172	112	1
172	113	1
172	114	1
172	121	1
172	122	1
172	123	1
172	124	1
172	125	1
172	126	1
172	127	1
172	128	1
172	129	1
172	130	1
172	131	1
172	132	1
172	133	1
173	93	1
173	94	1
173	95	1
173	96	1
173	97	1
173	98	1
173	99	1
173	100	1
173	101	1
173	102	1
173	103	1
173	104	1
173	105	1
173	106	1
173	107	1
173	108	1
173	109	1
173	110	1
173	111	1
173	112	1
173	113	1
173	114	1
173	115	1
173	122	1
173	123	1
173	124	1
173	125	1
173	126	1
173	127	1
173	128	1
173	129	1
173	130	1
173	131	1
173	132	1
173	133	1
174	93	1
174	94	1
174	95	1
174	96	1
174	97	1
174	98	1
174	99	1
174	100	1
174	101	1
174	102	1
174	103	1
174	104	1
174	105	1
174	106	1
174	107	1
174	108	1
174	109	1
174	110	1
174	111	1
174	112	1
174	113	1
174	114	1
174	115	1
174	116	1
174	123	1
174	124	1
174	125	1
174	126	1
174	127	1
174	128	1
174	129	1
174	130	1
174	131	1
174	132	1
174	133	1
175	93	1
175	94	1
175	95	1
175	96	1
175	97	1
175	98	1
175	99	1
175	100	1
175	101	1
175	102	1
175	103	1
175	104	1
175	105	1
175	106	1
175	107	1
175	108	1
175	109	1
175	110	1
175	111	1
175	112	1
175	113	1
175	114	1
175	115	1
175	116	1
175	117	1
175	124	1
175	125	1
175	126	1
175	127	1
175	128	1
175	129	1
175	130	1
175	131	1
175	132	1
175	133	1
176	93	1
176	94	1
176	95	1
176	96	1
176	97	1
176	98	1
176	99	1
176	100	1
176	101	1
176	102	1
176	103	1
176	104	1
176	105	1
176	106	1
176	107	1
176	108	1
176	109	1
176	110	1
176	111	1
176	112	1
176	113	1
176	114	1
176	115	1
176	116	1
176	117	1
176	118	1
176	125	1
176	126	1
176	127	1
176	128	1
176	129	1
176	130	1
176	131	1
176	132	1
176	133	1
177	93	1
177	94	1
177	95	1
177	96	1
177	97	1
177	98	1
177	99	1
177	100	1
177	101	1
177	102	1
177	103	1
177	104	1
177	105	1
177	106	1
177	107	1
177	108	1
177	109	1
177	110	1
177	111	1
177	112	1
177	113	1
177	114	1
177	115	1
177	116	1
177	117	1
177	118	1
177	119	1
177	126	1
177	127	1
177	128	1
177	129	1
177	130	1
177	131	1
177	132	1
177	133	1
178	93	1
178	94	1
178	95	1
178	96	1
178	97	1
178	98	1
178	99	1
178	100	1
178	101	1
178	102	1
178	103	1
178	104	1
178	105	1
178	106	1
178	107	1
178	108	1
178	109	1
178	110	1
178	111	1
178	112	1
178	113	1
178	114	1
178	115	1
178	116	1
178	117	1
178	118	1
178	119	1
178	120	1
178	127	1
178	128	1
178	129	1
178	130	1
178	131	1
178	132	1
178	133	1
179	93	1
179	94	1
179	95	1
179	96	1
179	97	1
179	98	1
179	99	1
179	100	1
179	101	1
179	102	1
179	103	1
179	104	1
179	105	1
179	106	1
179	107	1
179	108	1
179	109	1
179	110	1
179	111	1
179	112	1
179	113	1
179	114	1
179	115	1
179	116	1
179	117	1
179	118	1
179	119	1
179	120	1
179	121	1
179	128	1
179	129	1
179	130	1
179	131	1
179	132	1
179	133	1
180	103	1
180	104	1
180	105	1
180	106	1
180	107	1
180	108	1
180	109	1
180	110	1
180	111	1
180	112	1
180	113	1
180	114	1
180	121	1
180	122	1
180	123	1
180	124	1
180	125	1
180	126	1
180	127	1
180	128	1
180	129	1
180	130	1
180	131	1
180	132	1
180	133	1
180	134	1
180	135	1
180	136	1
180	137	1
180	138	1
180	139	1
180	140	1
180	141	1
180	142	1
180	143	1
181	103	1
181	104	1
181	105	1
181	106	1
181	107	1
181	108	1
181	109	1
181	110	1
181	111	1
181	112	1
181	113	1
181	114	1
181	115	1
181	122	1
181	123	1
181	124	1
181	125	1
181	126	1
181	127	1
181	128	1
181	129	1
181	130	1
181	131	1
181	132	1
181	133	1
181	134	1
181	135	1
181	136	1
181	137	1
181	138	1
181	139	1
181	140	1
181	141	1
181	142	1
181	143	1
182	103	1
182	104	1
182	105	1
182	106	1
182	107	1
182	108	1
182	109	1
182	110	1
182	111	1
182	112	1
182	113	1
182	114	1
182	115	1
182	116	1
182	123	1
182	124	1
182	125	1
182	126	1
182	127	1
182	128	1
182	129	1
182	130	1
182	131	1
182	132	1
182	133	1
182	134	1
182	135	1
182	136	1
182	137	1
182	138	1
182	139	1
182	140	1
182	141	1
182	142	1
182	143	1
183	103	1
183	104	1
183	105	1
183	106	1
183	107	1
183	108	1
183	109	1
183	110	1
183	111	1
183	112	1
183	113	1
183	114	1
183	115	1
183	116	1
183	117	1
183	124	1
183	125	1
183	126	1
183	127	1
183	128	1
183	129	1
183	130	1
183	131	1
183	132	1
183	133	1
183	134	1
183	135	1
183	136	1
183	137	1
183	138	1
183	139	1
183	140	1
183	141	1
183	142	1
183	143	1
184	103	1
184	104	1
184	105	1
184	106	1
184	107	1
184	108	1
184	109	1
184	110	1
184	111	1
184	112	1
184	113	1
184	114	1
184	115	1
184	116	1
184	117	1
184	118	1
184	125	1
184	126	1
184	127	1
184	128	1
184	129	1
184	130	1
184	131	1
184	132	1
184	133	1
184	134	1
184	135	1
184	136	1
184	137	1
184	138	1
184	139	1
184	140	1
184	141	1
184	142	1
184	143	1
185	103	1
185	104	1
185	105	1
185	106	1
185	107	1
185	108	1
185	109	1
185	110	1
185	111	1
185	112	1
185	113	1
185	114	1
185	115	1
185	116	1
185	117	1
185	118	1
185	119	1
185	126	1
185	127	1
185	128	1
185	129	1
185	130	1
185	131	1
185	132	1
185	133	1
185	134	1
185	135	1
185	136	1
185	137	1
185	138	1
185	139	1
185	140	1
185	141	1
185	142	1
185	143	1
186	103	1
186	104	1
186	105	1
186	106	1
186	107	1
186	108	1
186	109	1
186	110	1
186	111	1
186	112	1
186	113	1
186	114	1
186	115	1
186	116	1
186	117	1
186	118	1
186	119	1
186	120	1
186	127	1
186	128	1
186	129	1
186	130	1
186	131	1
186	132	1
186	133	1
186	134	1
186	135	1
186	136	1
186	137	1
186	138	1
186	139	1
186	140	1
186	141	1
186	142	1
186	143	1
187	103	1
187	104	1
187	105	1
187	106	1
187	107	1
187	108	1
187	109	1
187	110	1
187	111	1
187	112	1
187	113	1
187	114	1
187	115	1
187	116	1
187	117	1
187	118	1
187	119	1
187	120	1
187	121	1
187	128	1
187	129	1
187	130	1
187	131	1
187	132	1
187	133	1
187	134	1
187	135	1
187	136	1
187	137	1
187	138	1
187	139	1
187	140	1
187	141	1
187	142	1
187	143	1
188	103	1
188	104	1
188	105	1
188	106	1
188	107	1
188	108	1
188	109	1
188	110	1
188	111	1
188	112	1
188	113	1
188	114	1
188	115	1
188	116	1
188	117	1
188	118	1
188	119	1
188	120	1
188	121	1
188	122	1
188	129	1
188	130	1
188	131	1
188	132	1
188	133	1
188	134	1
188	135	1
188	136	1
188	137	1
188	138	1
188	139	1
188	140	1
188	141	1
188	142	1
188	143	1
189	103	1
189	104	1
189	105	1
189	106	1
189	107	1
189	108	1
189	109	1
189	110	1
189	111	1
189	112	1
189	113	1
189	114	1
189	115	1
189	116	1
189	117	1
189	118	1
189	119	1
189	120	1
189	121	1
189	122	1
189	123	1
189	130	1
189	131	1
189	132	1
189	133	1
189	134	1
189	135	1
189	136	1
189	137	1
189	138	1
189	139	1
189	140	1
189	141	1
189	142	1
189	143	1
190	103	1
190	104	1
190	105	1
190	106	1
190	107	1
190	108	1
190	109	1
190	110	1
190	111	1
190	112	1
190	113	1
190	114	1
190	115	1
190	116	1
190	117	1
190	118	1
190	119	1
190	120	1
190	121	1
190	122	1
190	123	1
190	124	1
190	131	1
190	132	1
190	133	1
190	134	1
190	135	1
190	136	1
190	137	1
190	138	1
190	139	1
190	140	1
190	141	1
190	142	1
190	143	1
191	103	1
191	104	1
191	105	1
191	106	1
191	107	1
191	108	1
191	109	1
191	110	1
191	111	1
191	112	1
191	113	1
191	114	1
191	115	1
191	116	1
191	117	1
191	118	1
191	119	1
191	120	1
191	121	1
191	122	1
191	123	1
191	124	1
191	125	1
191	132	1
191	133	1
191	134	1
191	135	1
191	136	1
191	137	1
191	138	1
191	139	1
191	140	1
191	141	1
191	142	1
191	143	1
192	103	1
192	104	1
192	105	1
192	106	1
192	107	1
192	108	1
192	109	1
192	110	1
192	111	1
192	112	1
192	113	1
192	114	1
192	115	1
192	116	1
192	117	1
192	118	1
192	119	1
192	120	1
192	121	1
192	122	1
192	123	1
192	124	1
192	125	1
192	126	1
192	133	1
192	134	1
192	135	1
192	136	1
192	137	1
192	138	1
192	139	1
192	140	1
192	141	1
192	142	1
192	143	1
193	103	1
193	104	1
193	105	1
193	106	1
193	107	1
193	108	1
193	109	1
193	110	1
193	111	1
193	112	1
193	113	1
193	114	1
193	115	1
193	116	1
193	117	1
193	118	1
193	119	1
193	120	1
193	121	1
193	122	1
193	123	1
193	124	1
193	125	1
193	126	1
193	127	1
193	134	1
193	135	1
193	136	1
193	137	1
193	138	1
193	139	1
193	140	1
193	141	1
193	142	1
193	143	1
194	103	1
194	104	1
194	105	1
194	106	1
194	107	1
194	108	1
194	109	1
194	110	1
194	111	1
194	112	1
194	113	1
194	114	1
194	115	1
194	116	1
194	117	1
194	118	1
194	119	1
194	120	1
194	121	1
194	122	1
194	123	1
194	124	1
194	125	1
194	126	1
194	127	1
194	128	1
194	135	1
194	136	1
194	137	1
194	138	1
194	139	1
194	140	1
194	141	1
194	142	1
194	143	1
195	103	1
195	104	1
195	105	1
195	106	1
195	107	1
195	108	1
195	109	1
195	110	1
195	111	1
195	112	1
195	113	1
195	114	1
195	115	1
195	116	1
195	117	1
195	118	1
195	119	1
195	120	1
195	121	1
195	122	1
195	123	1
195	124	1
195	125	1
195	126	1
195	127	1
195	128	1
195	129	1
195	136	1
195	137	1
195	138	1
195	139	1
195	140	1
195	141	1
195	142	1
195	143	1
196	103	1
196	104	1
196	105	1
196	106	1
196	107	1
196	108	1
196	109	1
196	110	1
196	111	1
196	112	1
196	113	1
196	114	1
196	115	1
196	116	1
196	117	1
196	118	1
196	119	1
196	120	1
196	121	1
196	122	1
196	123	1
196	124	1
196	125	1
196	126	1
196	127	1
196	128	1
196	129	1
196	130	1
196	137	1
196	138	1
196	139	1
196	140	1
196	141	1
196	142	1
196	143	1
197	103	1
197	104	1
197	105	1
197	106	1
197	107	1
197	108	1
197	109	1
197	110	1
197	111	1
197	112	1
197	113	1
197	114	1
197	115	1
197	116	1
197	117	1
197	118	1
197	119	1
197	120	1
197	121	1
197	122	1
197	123	1
197	124	1
197	125	1
197	126	1
197	127	1
197	128	1
197	129	1
197	130	1
197	131	1
197	138	1
197	139	1
197	140	1
197	141	1
197	142	1
197	143	1
198	113	1
198	114	1
198	115	1
198	116	1
198	117	1
198	118	1
198	119	1
198	120	1
198	121	1
198	122	1
198	123	1
198	124	1
198	131	1
198	132	1
198	133	1
198	134	1
198	135	1
198	136	1
198	137	1
198	138	1
198	139	1
198	140	1
198	141	1
198	142	1
198	143	1
198	144	1
198	145	1
198	146	1
198	147	1
198	148	1
198	149	1
198	150	1
198	151	1
198	152	1
198	153	1
199	113	1
199	114	1
199	115	1
199	116	1
199	117	1
199	118	1
199	119	1
199	120	1
199	121	1
199	122	1
199	123	1
199	124	1
199	125	1
199	132	1
199	133	1
199	134	1
199	135	1
199	136	1
199	137	1
199	138	1
199	139	1
199	140	1
199	141	1
199	142	1
199	143	1
199	144	1
199	145	1
199	146	1
199	147	1
199	148	1
199	149	1
199	150	1
199	151	1
199	152	1
199	153	1
200	113	1
200	114	1
200	115	1
200	116	1
200	117	1
200	118	1
200	119	1
200	120	1
200	121	1
200	122	1
200	123	1
200	124	1
200	125	1
200	126	1
200	133	1
200	134	1
200	135	1
200	136	1
200	137	1
200	138	1
200	139	1
200	140	1
200	141	1
200	142	1
200	143	1
200	144	1
200	145	1
200	146	1
200	147	1
200	148	1
200	149	1
200	150	1
200	151	1
200	152	1
200	153	1
201	113	1
201	114	1
201	115	1
201	116	1
201	117	1
201	118	1
201	119	1
201	120	1
201	121	1
201	122	1
201	123	1
201	124	1
201	125	1
201	126	1
201	127	1
201	134	1
201	135	1
201	136	1
201	137	1
201	138	1
201	139	1
201	140	1
201	141	1
201	142	1
201	143	1
201	144	1
201	145	1
201	146	1
201	147	1
201	148	1
201	149	1
201	150	1
201	151	1
201	152	1
201	153	1
202	113	1
202	114	1
202	115	1
202	116	1
202	117	1
202	118	1
202	119	1
202	120	1
202	121	1
202	122	1
202	123	1
202	124	1
202	125	1
202	126	1
202	127	1
202	128	1
202	135	1
202	136	1
202	137	1
202	138	1
202	139	1
202	140	1
202	141	1
202	142	1
202	143	1
202	144	1
202	145	1
202	146	1
202	147	1
202	148	1
202	149	1
202	150	1
202	151	1
202	152	1
202	153	1
203	113	1
203	114	1
203	115	1
203	116	1
203	117	1
203	118	1
203	119	1
203	120	1
203	121	1
203	122	1
203	123	1
203	124	1
203	125	1
203	126	1
203	127	1
203	128	1
203	129	1
203	136	1
203	137	1
203	138	1
203	139	1
203	140	1
203	141	1
203	142	1
203	143	1
203	144	1
203	145	1
203	146	1
203	147	1
203	148	1
203	149	1
203	150	1
203	151	1
203	152	1
203	153	1
204	113	1
204	114	1
204	115	1
204	116	1
204	117	1
204	118	1
204	119	1
204	120	1
204	121	1
204	122	1
204	123	1
204	124	1
204	125	1
204	126	1
204	127	1
204	128	1
204	129	1
204	130	1
204	137	1
204	138	1
204	139	1
204	140	1
204	141	1
204	142	1
204	143	1
204	144	1
204	145	1
204	146	1
204	147	1
204	148	1
204	149	1
204	150	1
204	151	1
204	152	1
204	153	1
205	113	1
205	114	1
205	115	1
205	116	1
205	117	1
205	118	1
205	119	1
205	120	1
205	121	1
205	122	1
205	123	1
205	124	1
205	125	1
205	126	1
205	127	1
205	128	1
205	129	1
205	130	1
205	131	1
205	138	1
205	139	1
205	140	1
205	141	1
205	142	1
205	143	1
205	144	1
205	145	1
205	146	1
205	147	1
205	148	1
205	149	1
205	150	1
205	151	1
205	152	1
205	153	1
206	113	1
206	114	1
206	115	1
206	116	1
206	117	1
206	118	1
206	119	1
206	120	1
206	121	1
206	122	1
206	123	1
206	124	1
206	125	1
206	126	1
206	127	1
206	128	1
206	129	1
206	130	1
206	131	1
206	132	1
206	139	1
206	140	1
206	141	1
206	142	1
206	143	1
206	144	1
206	145	1
206	146	1
206	147	1
206	148	1
206	149	1
206	150	1
206	151	1
206	152	1
206	153	1
207	113	1
207	114	1
207	115	1
207	116	1
207	117	1
207	118	1
207	119	1
207	120	1
207	121	1
207	122	1
207	123	1
207	124	1
207	125	1
207	126	1
207	127	1
207	128	1
207	129	1
207	130	1
207	131	1
207	132	1
207	133	1
207	140	1
207	141	1
207	142	1
207	143	1
207	144	1
207	145	1
207	146	1
207	147	1
207	148	1
207	149	1
207	150	1
207	151	1
207	152	1
207	153	1
208	113	1
208	114	1
208	115	1
208	116	1
208	117	1
208	118	1
208	119	1
208	120	1
208	121	1
208	122	1
208	123	1
208	124	1
208	125	1
208	126	1
208	127	1
208	128	1
208	129	1
208	130	1
208	131	1
208	132	1
208	133	1
208	134	1
208	141	1
208	142	1
208	143	1
208	144	1
208	145	1
208	146	1
208	147	1
208	148	1
208	149	1
208	150	1
208	151	1
208	152	1
208	153	1
209	113	1
209	114	1
209	115	1
209	116	1
209	117	1
209	118	1
209	119	1
209	120	1
209	121	1
209	122	1
209	123	1
209	124	1
209	125	1
209	126	1
209	127	1
209	128	1
209	129	1
209	130	1
209	131	1
209	132	1
209	133	1
209	134	1
209	135	1
209	142	1
209	143	1
209	144	1
209	145	1
209	146	1
209	147	1
209	148	1
209	149	1
209	150	1
209	151	1
209	152	1
209	153	1
210	113	1
210	114	1
210	115	1
210	116	1
210	117	1
210	118	1
210	119	1
210	120	1
210	121	1
210	122	1
210	123	1
210	124	1
210	125	1
210	126	1
210	127	1
210	128	1
210	129	1
210	130	1
210	131	1
210	132	1
210	133	1
210	134	1
210	135	1
210	136	1
210	143	1
210	144	1
210	145	1
210	146	1
210	147	1
210	148	1
210	149	1
210	150	1
210	151	1
210	152	1
210	153	1
211	113	1
211	114	1
211	115	1
211	116	1
211	117	1
211	118	1
211	119	1
211	120	1
211	121	1
211	122	1
211	123	1
211	124	1
211	125	1
211	126	1
211	127	1
211	128	1
211	129	1
211	130	1
211	131	1
211	132	1
211	133	1
211	134	1
211	135	1
211	136	1
211	137	1
211	144	1
211	145	1
211	146	1
211	147	1
211	148	1
211	149	1
211	150	1
211	151	1
211	152	1
211	153	1
212	113	1
212	114	1
212	115	1
212	116	1
212	117	1
212	118	1
212	119	1
212	120	1
212	121	1
212	122	1
212	123	1
212	124	1
212	125	1
212	126	1
212	127	1
212	128	1
212	129	1
212	130	1
212	131	1
212	132	1
212	133	1
212	134	1
212	135	1
212	136	1
212	137	1
212	138	1
212	145	1
212	146	1
212	147	1
212	148	1
212	149	1
212	150	1
212	151	1
212	152	1
212	153	1
213	113	1
213	114	1
213	115	1
213	116	1
213	117	1
213	118	1
213	119	1
213	120	1
213	121	1
213	122	1
213	123	1
213	124	1
213	125	1
213	126	1
213	127	1
213	128	1
213	129	1
213	130	1
213	131	1
213	132	1
213	133	1
213	134	1
213	135	1
213	136	1
213	137	1
213	138	1
213	139	1
213	146	1
213	147	1
213	148	1
213	149	1
213	150	1
213	151	1
213	152	1
213	153	1
214	113	1
214	114	1
214	115	1
214	116	1
214	117	1
214	118	1
214	119	1
214	120	1
214	121	1
214	122	1
214	123	1
214	124	1
214	125	1
214	126	1
214	127	1
214	128	1
214	129	1
214	130	1
214	131	1
214	132	1
214	133	1
214	134	1
214	135	1
214	136	1
214	137	1
214	138	1
214	139	1
214	140	1
214	147	1
214	148	1
214	149	1
214	150	1
214	151	1
214	152	1
214	153	1
215	113	1
215	114	1
215	115	1
215	116	1
215	117	1
215	118	1
215	119	1
215	120	1
215	121	1
215	122	1
215	123	1
215	124	1
215	125	1
215	126	1
215	127	1
215	128	1
215	129	1
215	130	1
215	131	1
215	132	1
215	133	1
215	134	1
215	135	1
215	136	1
215	137	1
215	138	1
215	139	1
215	140	1
215	141	1
215	148	1
215	149	1
215	150	1
215	151	1
215	152	1
215	153	1
216	123	1
216	124	1
216	125	1
216	126	1
216	127	1
216	128	1
216	129	1
216	130	1
216	131	1
216	132	1
216	133	1
216	134	1
216	141	1
216	142	1
216	143	1
216	144	1
216	145	1
216	146	1
216	147	1
216	148	1
216	149	1
216	150	1
216	151	1
216	152	1
216	153	1
216	154	1
216	155	1
216	156	1
216	157	1
216	158	1
216	159	1
216	160	1
216	161	1
216	162	1
216	163	1
217	123	1
217	124	1
217	125	1
217	126	1
217	127	1
217	128	1
217	129	1
217	130	1
217	131	1
217	132	1
217	133	1
217	134	1
217	135	1
217	142	1
217	143	1
217	144	1
217	145	1
217	146	1
217	147	1
217	148	1
217	149	1
217	150	1
217	151	1
217	152	1
217	153	1
217	154	1
217	155	1
217	156	1
217	157	1
217	158	1
217	159	1
217	160	1
217	161	1
217	162	1
217	163	1
218	123	1
218	124	1
218	125	1
218	126	1
218	127	1
218	128	1
218	129	1
218	130	1
218	131	1
218	132	1
218	133	1
218	134	1
218	135	1
218	136	1
218	143	1
218	144	1
218	145	1
218	146	1
218	147	1
218	148	1
218	149	1
218	150	1
218	151	1
218	152	1
218	153	1
218	154	1
218	155	1
218	156	1
218	157	1
218	158	1
218	159	1
218	160	1
218	161	1
218	162	1
218	163	1
219	123	1
219	124	1
219	125	1
219	126	1
219	127	1
219	128	1
219	129	1
219	130	1
219	131	1
219	132	1
219	133	1
219	134	1
219	135	1
219	136	1
219	137	1
219	144	1
219	145	1
219	146	1
219	147	1
219	148	1
219	149	1
219	150	1
219	151	1
219	152	1
219	153	1
219	154	1
219	155	1
219	156	1
219	157	1
219	158	1
219	159	1
219	160	1
219	161	1
219	162	1
219	163	1
220	123	1
220	124	1
220	125	1
220	126	1
220	127	1
220	128	1
220	129	1
220	130	1
220	131	1
220	132	1
220	133	1
220	134	1
220	135	1
220	136	1
220	137	1
220	138	1
220	145	1
220	146	1
220	147	1
220	148	1
220	149	1
220	150	1
220	151	1
220	152	1
220	153	1
220	154	1
220	155	1
220	156	1
220	157	1
220	158	1
220	159	1
220	160	1
220	161	1
220	162	1
220	163	1
221	123	1
221	124	1
221	125	1
221	126	1
221	127	1
221	128	1
221	129	1
221	130	1
221	131	1
221	132	1
221	133	1
221	134	1
221	135	1
221	136	1
221	137	1
221	138	1
221	139	1
221	146	1
221	147	1
221	148	1
221	149	1
221	150	1
221	151	1
221	152	1
221	153	1
221	154	1
221	155	1
221	156	1
221	157	1
221	158	1
221	159	1
221	160	1
221	161	1
221	162	1
221	163	1
222	123	1
222	124	1
222	125	1
222	126	1
222	127	1
222	128	1
222	129	1
222	130	1
222	131	1
222	132	1
222	133	1
222	134	1
222	135	1
222	136	1
222	137	1
222	138	1
222	139	1
222	140	1
222	147	1
222	148	1
222	149	1
222	150	1
222	151	1
222	152	1
222	153	1
222	154	1
222	155	1
222	156	1
222	157	1
222	158	1
222	159	1
222	160	1
222	161	1
222	162	1
222	163	1
223	123	1
223	124	1
223	125	1
223	126	1
223	127	1
223	128	1
223	129	1
223	130	1
223	131	1
223	132	1
223	133	1
223	134	1
223	135	1
223	136	1
223	137	1
223	138	1
223	139	1
223	140	1
223	141	1
223	148	1
223	149	1
223	150	1
223	151	1
223	152	1
223	153	1
223	154	1
223	155	1
223	156	1
223	157	1
223	158	1
223	159	1
223	160	1
223	161	1
223	162	1
223	163	1
224	123	1
224	124	1
224	125	1
224	126	1
224	127	1
224	128	1
224	129	1
224	130	1
224	131	1
224	132	1
224	133	1
224	134	1
224	135	1
224	136	1
224	137	1
224	138	1
224	139	1
224	140	1
224	141	1
224	142	1
224	149	1
224	150	1
224	151	1
224	152	1
224	153	1
224	154	1
224	155	1
224	156	1
224	157	1
224	158	1
224	159	1
224	160	1
224	161	1
224	162	1
224	163	1
225	123	1
225	124	1
225	125	1
225	126	1
225	127	1
225	128	1
225	129	1
225	130	1
225	131	1
225	132	1
225	133	1
225	134	1
225	135	1
225	136	1
225	137	1
225	138	1
225	139	1
225	140	1
225	141	1
225	142	1
225	143	1
225	150	1
225	151	1
225	152	1
225	153	1
225	154	1
225	155	1
225	156	1
225	157	1
225	158	1
225	159	1
225	160	1
225	161	1
225	162	1
225	163	1
226	123	1
226	124	1
226	125	1
226	126	1
226	127	1
226	128	1
226	129	1
226	130	1
226	131	1
226	132	1
226	133	1
226	134	1
226	135	1
226	136	1
226	137	1
226	138	1
226	139	1
226	140	1
226	141	1
226	142	1
226	143	1
226	144	1
226	151	1
226	152	1
226	153	1
226	154	1
226	155	1
226	156	1
226	157	1
226	158	1
226	159	1
226	160	1
226	161	1
226	162	1
226	163	1
227	123	1
227	124	1
227	125	1
227	126	1
227	127	1
227	128	1
227	129	1
227	130	1
227	131	1
227	132	1
227	133	1
227	134	1
227	135	1
227	136	1
227	137	1
227	138	1
227	139	1
227	140	1
227	141	1
227	142	1
227	143	1
227	144	1
227	145	1
227	152	1
227	153	1
227	154	1
227	155	1
227	156	1
227	157	1
227	158	1
227	159	1
227	160	1
227	161	1
227	162	1
227	163	1
228	123	1
228	124	1
228	125	1
228	126	1
228	127	1
228	128	1
228	129	1
228	130	1
228	131	1
228	132	1
228	133	1
228	134	1
228	135	1
228	136	1
228	137	1
228	138	1
228	139	1
228	140	1
228	141	1
228	142	1
228	143	1
228	144	1
228	145	1
228	146	1
228	153	1
228	154	1
228	155	1
228	156	1
228	157	1
228	158	1
228	159	1
228	160	1
228	161	1
228	162	1
228	163	1
229	123	1
229	124	1
229	125	1
229	126	1
229	127	1
229	128	1
229	129	1
229	130	1
229	131	1
229	132	1
229	133	1
229	134	1
229	135	1
229	136	1
229	137	1
229	138	1
229	139	1
229	140	1
229	141	1
229	142	1
229	143	1
229	144	1
229	145	1
229	146	1
229	147	1
229	154	1
229	155	1
229	156	1
229	157	1
229	158	1
229	159	1
229	160	1
229	161	1
229	162	1
229	163	1
230	123	1
230	124	1
230	125	1
230	126	1
230	127	1
230	128	1
230	129	1
230	130	1
230	131	1
230	132	1
230	133	1
230	134	1
230	135	1
230	136	1
230	137	1
230	138	1
230	139	1
230	140	1
230	141	1
230	142	1
230	143	1
230	144	1
230	145	1
230	146	1
230	147	1
230	148	1
230	155	1
230	156	1
230	157	1
230	158	1
230	159	1
230	160	1
230	161	1
230	162	1
230	163	1
231	123	1
231	124	1
231	125	1
231	126	1
231	127	1
231	128	1
231	129	1
231	130	1
231	131	1
231	132	1
231	133	1
231	134	1
231	135	1
231	136	1
231	137	1
231	138	1
231	139	1
231	140	1
231	141	1
231	142	1
231	143	1
231	144	1
231	145	1
231	146	1
231	147	1
231	148	1
231	149	1
231	156	1
231	157	1
231	158	1
231	159	1
231	160	1
231	161	1
231	162	1
231	163	1
232	123	1
232	124	1
232	125	1
232	126	1
232	127	1
232	128	1
232	129	1
232	130	1
232	131	1
232	132	1
232	133	1
232	134	1
232	135	1
232	136	1
232	137	1
232	138	1
232	139	1
232	140	1
232	141	1
232	142	1
232	143	1
232	144	1
232	145	1
232	146	1
232	147	1
232	148	1
232	149	1
232	150	1
232	157	1
232	158	1
232	159	1
232	160	1
232	161	1
232	162	1
232	163	1
233	123	1
233	124	1
233	125	1
233	126	1
233	127	1
233	128	1
233	129	1
233	130	1
233	131	1
233	132	1
233	133	1
233	134	1
233	135	1
233	136	1
233	137	1
233	138	1
233	139	1
233	140	1
233	141	1
233	142	1
233	143	1
233	144	1
233	145	1
233	146	1
233	147	1
233	148	1
233	149	1
233	150	1
233	151	1
233	158	1
233	159	1
233	160	1
233	161	1
233	162	1
233	163	1
234	133	1
234	134	1
234	135	1
234	136	1
234	137	1
234	138	1
234	139	1
234	140	1
234	141	1
234	142	1
234	143	1
234	144	1
234	151	1
234	152	1
234	153	1
234	154	1
234	155	1
234	156	1
234	157	1
234	158	1
234	159	1
234	160	1
234	161	1
234	162	1
234	163	1
234	164	1
234	165	1
234	166	1
234	167	1
234	168	1
234	169	1
234	170	1
234	171	1
234	172	1
234	173	1
235	133	1
235	134	1
235	135	1
235	136	1
235	137	1
235	138	1
235	139	1
235	140	1
235	141	1
235	142	1
235	143	1
235	144	1
235	145	1
235	152	1
235	153	1
235	154	1
235	155	1
235	156	1
235	157	1
235	158	1
235	159	1
235	160	1
235	161	1
235	162	1
235	163	1
235	164	1
235	165	1
235	166	1
235	167	1
235	168	1
235	169	1
235	170	1
235	171	1
235	172	1
235	173	1
236	133	1
236	134	1
236	135	1
236	136	1
236	137	1
236	138	1
236	139	1
236	140	1
236	141	1
236	142	1
236	143	1
236	144	1
236	145	1
236	146	1
236	153	1
236	154	1
236	155	1
236	156	1
236	157	1
236	158	1
236	159	1
236	160	1
236	161	1
236	162	1
236	163	1
236	164	1
236	165	1
236	166	1
236	167	1
236	168	1
236	169	1
236	170	1
236	171	1
236	172	1
236	173	1
237	133	1
237	134	1
237	135	1
237	136	1
237	137	1
237	138	1
237	139	1
237	140	1
237	141	1
237	142	1
237	143	1
237	144	1
237	145	1
237	146	1
237	147	1
237	154	1
237	155	1
237	156	1
237	157	1
237	158	1
237	159	1
237	160	1
237	161	1
237	162	1
237	163	1
237	164	1
237	165	1
237	166	1
237	167	1
237	168	1
237	169	1
237	170	1
237	171	1
237	172	1
237	173	1
238	133	1
238	134	1
238	135	1
238	136	1
238	137	1
238	138	1
238	139	1
238	140	1
238	141	1
238	142	1
238	143	1
238	144	1
238	145	1
238	146	1
238	147	1
238	148	1
238	155	1
238	156	1
238	157	1
238	158	1
238	159	1
238	160	1
238	161	1
238	162	1
238	163	1
238	164	1
238	165	1
238	166	1
238	167	1
238	168	1
238	169	1
238	170	1
238	171	1
238	172	1
238	173	1
239	133	1
239	134	1
239	135	1
239	136	1
239	137	1
239	138	1
239	139	1
239	140	1
239	141	1
239	142	1
239	143	1
239	144	1
239	145	1
239	146	1
239	147	1
239	148	1
239	149	1
239	156	1
239	157	1
239	158	1
239	159	1
239	160	1
239	161	1
239	162	1
239	163	1
239	164	1
239	165	1
239	166	1
239	167	1
239	168	1
239	169	1
239	170	1
239	171	1
239	172	1
239	173	1
240	133	1
240	134	1
240	135	1
240	136	1
240	137	1
240	138	1
240	139	1
240	140	1
240	141	1
240	142	1
240	143	1
240	144	1
240	145	1
240	146	1
240	147	1
240	148	1
240	149	1
240	150	1
240	157	1
240	158	1
240	159	1
240	160	1
240	161	1
240	162	1
240	163	1
240	164	1
240	165	1
240	166	1
240	167	1
240	168	1
240	169	1
240	170	1
240	171	1
240	172	1
240	173	1
241	133	1
241	134	1
241	135	1
241	136	1
241	137	1
241	138	1
241	139	1
241	140	1
241	141	1
241	142	1
241	143	1
241	144	1
241	145	1
241	146	1
241	147	1
241	148	1
241	149	1
241	150	1
241	151	1
241	158	1
241	159	1
241	160	1
241	161	1
241	162	1
241	163	1
241	164	1
241	165	1
241	166	1
241	167	1
241	168	1
241	169	1
241	170	1
241	171	1
241	172	1
241	173	1
242	133	1
242	134	1
242	135	1
242	136	1
242	137	1
242	138	1
242	139	1
242	140	1
242	141	1
242	142	1
242	143	1
242	144	1
242	145	1
242	146	1
242	147	1
242	148	1
242	149	1
242	150	1
242	151	1
242	152	1
242	159	1
242	160	1
242	161	1
242	162	1
242	163	1
242	164	1
242	165	1
242	166	1
242	167	1
242	168	1
242	169	1
242	170	1
242	171	1
242	172	1
242	173	1
243	133	1
243	134	1
243	135	1
243	136	1
243	137	1
243	138	1
243	139	1
243	140	1
243	141	1
243	142	1
243	143	1
243	144	1
243	145	1
243	146	1
243	147	1
243	148	1
243	149	1
243	150	1
243	151	1
243	152	1
243	153	1
243	160	1
243	161	1
243	162	1
243	163	1
243	164	1
243	165	1
243	166	1
243	167	1
243	168	1
243	169	1
243	170	1
243	171	1
243	172	1
243	173	1
244	133	1
244	134	1
244	135	1
244	136	1
244	137	1
244	138	1
244	139	1
244	140	1
244	141	1
244	142	1
244	143	1
244	144	1
244	145	1
244	146	1
244	147	1
244	148	1
244	149	1
244	150	1
244	151	1
244	152	1
244	153	1
244	154	1
244	161	1
244	162	1
244	163	1
244	164	1
244	165	1
244	166	1
244	167	1
244	168	1
244	169	1
244	170	1
244	171	1
244	172	1
244	173	1
245	133	1
245	134	1
245	135	1
245	136	1
245	137	1
245	138	1
245	139	1
245	140	1
245	141	1
245	142	1
245	143	1
245	144	1
245	145	1
245	146	1
245	147	1
245	148	1
245	149	1
245	150	1
245	151	1
245	152	1
245	153	1
245	154	1
245	155	1
245	162	1
245	163	1
245	164	1
245	165	1
245	166	1
245	167	1
245	168	1
245	169	1
245	170	1
245	171	1
245	172	1
245	173	1
246	133	1
246	134	1
246	135	1
246	136	1
246	137	1
246	138	1
246	139	1
246	140	1
246	141	1
246	142	1
246	143	1
246	144	1
246	145	1
246	146	1
246	147	1
246	148	1
246	149	1
246	150	1
246	151	1
246	152	1
246	153	1
246	154	1
246	155	1
246	156	1
246	163	1
246	164	1
246	165	1
246	166	1
246	167	1
246	168	1
246	169	1
246	170	1
246	171	1
246	172	1
246	173	1
247	133	1
247	134	1
247	135	1
247	136	1
247	137	1
247	138	1
247	139	1
247	140	1
247	141	1
247	142	1
247	143	1
247	144	1
247	145	1
247	146	1
247	147	1
247	148	1
247	149	1
247	150	1
247	151	1
247	152	1
247	153	1
247	154	1
247	155	1
247	156	1
247	157	1
247	164	1
247	165	1
247	166	1
247	167	1
247	168	1
247	169	1
247	170	1
247	171	1
247	172	1
247	173	1
248	133	1
248	134	1
248	135	1
248	136	1
248	137	1
248	138	1
248	139	1
248	140	1
248	141	1
248	142	1
248	143	1
248	144	1
248	145	1
248	146	1
248	147	1
248	148	1
248	149	1
248	150	1
248	151	1
248	152	1
248	153	1
248	154	1
248	155	1
248	156	1
248	157	1
248	158	1
248	165	1
248	166	1
248	167	1
248	168	1
248	169	1
248	170	1
248	171	1
248	172	1
248	173	1
249	133	1
249	134	1
249	135	1
249	136	1
249	137	1
249	138	1
249	139	1
249	140	1
249	141	1
249	142	1
249	143	1
249	144	1
249	145	1
249	146	1
249	147	1
249	148	1
249	149	1
249	150	1
249	151	1
249	152	1
249	153	1
249	154	1
249	155	1
249	156	1
249	157	1
249	158	1
249	159	1
249	166	1
249	167	1
249	168	1
249	169	1
249	170	1
249	171	1
249	172	1
249	173	1
250	133	1
250	134	1
250	135	1
250	136	1
250	137	1
250	138	1
250	139	1
250	140	1
250	141	1
250	142	1
250	143	1
250	144	1
250	145	1
250	146	1
250	147	1
250	148	1
250	149	1
250	150	1
250	151	1
250	152	1
250	153	1
250	154	1
250	155	1
250	156	1
250	157	1
250	158	1
250	159	1
250	160	1
250	167	1
250	168	1
250	169	1
250	170	1
250	171	1
250	172	1
250	173	1
251	133	1
251	134	1
251	135	1
251	136	1
251	137	1
251	138	1
251	139	1
251	140	1
251	141	1
251	142	1
251	143	1
251	144	1
251	145	1
251	146	1
251	147	1
251	148	1
251	149	1
251	150	1
251	151	1
251	152	1
251	153	1
251	154	1
251	155	1
251	156	1
251	157	1
251	158	1
251	159	1
251	160	1
251	161	1
251	168	1
251	169	1
251	170	1
251	171	1
251	172	1
251	173	1
252	143	1
252	144	1
252	145	1
252	146	1
252	147	1
252	148	1
252	149	1
252	150	1
252	151	1
252	152	1
252	153	1
252	154	1
252	161	1
252	162	1
252	163	1
252	164	1
252	165	1
252	166	1
252	167	1
252	168	1
252	169	1
252	170	1
252	171	1
252	172	1
252	173	1
252	174	1
252	175	1
252	176	1
252	177	1
252	178	1
252	179	1
252	180	1
252	181	1
252	182	1
252	183	1
253	143	1
253	144	1
253	145	1
253	146	1
253	147	1
253	148	1
253	149	1
253	150	1
253	151	1
253	152	1
253	153	1
253	154	1
253	155	1
253	162	1
253	163	1
253	164	1
253	165	1
253	166	1
253	167	1
253	168	1
253	169	1
253	170	1
253	171	1
253	172	1
253	173	1
253	174	1
253	175	1
253	176	1
253	177	1
253	178	1
253	179	1
253	180	1
253	181	1
253	182	1
253	183	1
254	143	1
254	144	1
254	145	1
254	146	1
254	147	1
254	148	1
254	149	1
254	150	1
254	151	1
254	152	1
254	153	1
254	154	1
254	155	1
254	156	1
254	163	1
254	164	1
254	165	1
254	166	1
254	167	1
254	168	1
254	169	1
254	170	1
254	171	1
254	172	1
254	173	1
254	174	1
254	175	1
254	176	1
254	177	1
254	178	1
254	179	1
254	180	1
254	181	1
254	182	1
254	183	1
255	143	1
255	144	1
255	145	1
255	146	1
255	147	1
255	148	1
255	149	1
255	150	1
255	151	1
255	152	1
255	153	1
255	154	1
255	155	1
255	156	1
255	157	1
255	164	1
255	165	1
255	166	1
255	167	1
255	168	1
255	169	1
255	170	1
255	171	1
255	172	1
255	173	1
255	174	1
255	175	1
255	176	1
255	177	1
255	178	1
255	179	1
255	180	1
255	181	1
255	182	1
255	183	1
256	143	1
256	144	1
256	145	1
256	146	1
256	147	1
256	148	1
256	149	1
256	150	1
256	151	1
256	152	1
256	153	1
256	154	1
256	155	1
256	156	1
256	157	1
256	158	1
256	165	1
256	166	1
256	167	1
256	168	1
256	169	1
256	170	1
256	171	1
256	172	1
256	173	1
256	174	1
256	175	1
256	176	1
256	177	1
256	178	1
256	179	1
256	180	1
256	181	1
256	182	1
256	183	1
257	143	1
257	144	1
257	145	1
257	146	1
257	147	1
257	148	1
257	149	1
257	150	1
257	151	1
257	152	1
257	153	1
257	154	1
257	155	1
257	156	1
257	157	1
257	158	1
257	159	1
257	166	1
257	167	1
257	168	1
257	169	1
257	170	1
257	171	1
257	172	1
257	173	1
257	174	1
257	175	1
257	176	1
257	177	1
257	178	1
257	179	1
257	180	1
257	181	1
257	182	1
257	183	1
258	143	1
258	144	1
258	145	1
258	146	1
258	147	1
258	148	1
258	149	1
258	150	1
258	151	1
258	152	1
258	153	1
258	154	1
258	155	1
258	156	1
258	157	1
258	158	1
258	159	1
258	160	1
258	167	1
258	168	1
258	169	1
258	170	1
258	171	1
258	172	1
258	173	1
258	174	1
258	175	1
258	176	1
258	177	1
258	178	1
258	179	1
258	180	1
258	181	1
258	182	1
258	183	1
259	143	1
259	144	1
259	145	1
259	146	1
259	147	1
259	148	1
259	149	1
259	150	1
259	151	1
259	152	1
259	153	1
259	154	1
259	155	1
259	156	1
259	157	1
259	158	1
259	159	1
259	160	1
259	161	1
259	168	1
259	169	1
259	170	1
259	171	1
259	172	1
259	173	1
259	174	1
259	175	1
259	176	1
259	177	1
259	178	1
259	179	1
259	180	1
259	181	1
259	182	1
259	183	1
260	143	1
260	144	1
260	145	1
260	146	1
260	147	1
260	148	1
260	149	1
260	150	1
260	151	1
260	152	1
260	153	1
260	154	1
260	155	1
260	156	1
260	157	1
260	158	1
260	159	1
260	160	1
260	161	1
260	162	1
260	169	1
260	170	1
260	171	1
260	172	1
260	173	1
260	174	1
260	175	1
260	176	1
260	177	1
260	178	1
260	179	1
260	180	1
260	181	1
260	182	1
260	183	1
261	143	1
261	144	1
261	145	1
261	146	1
261	147	1
261	148	1
261	149	1
261	150	1
261	151	1
261	152	1
261	153	1
261	154	1
261	155	1
261	156	1
261	157	1
261	158	1
261	159	1
261	160	1
261	161	1
261	162	1
261	163	1
261	170	1
261	171	1
261	172	1
261	173	1
261	174	1
261	175	1
261	176	1
261	177	1
261	178	1
261	179	1
261	180	1
261	181	1
261	182	1
261	183	1
262	143	1
262	144	1
262	145	1
262	146	1
262	147	1
262	148	1
262	149	1
262	150	1
262	151	1
262	152	1
262	153	1
262	154	1
262	155	1
262	156	1
262	157	1
262	158	1
262	159	1
262	160	1
262	161	1
262	162	1
262	163	1
262	164	1
262	171	1
262	172	1
262	173	1
262	174	1
262	175	1
262	176	1
262	177	1
262	178	1
262	179	1
262	180	1
262	181	1
262	182	1
262	183	1
263	143	1
263	144	1
263	145	1
263	146	1
263	147	1
263	148	1
263	149	1
263	150	1
263	151	1
263	152	1
263	153	1
263	154	1
263	155	1
263	156	1
263	157	1
263	158	1
263	159	1
263	160	1
263	161	1
263	162	1
263	163	1
263	164	1
263	165	1
263	172	1
263	173	1
263	174	1
263	175	1
263	176	1
263	177	1
263	178	1
263	179	1
263	180	1
263	181	1
263	182	1
263	183	1
264	143	1
264	144	1
264	145	1
264	146	1
264	147	1
264	148	1
264	149	1
264	150	1
264	151	1
264	152	1
264	153	1
264	154	1
264	155	1
264	156	1
264	157	1
264	158	1
264	159	1
264	160	1
264	161	1
264	162	1
264	163	1
264	164	1
264	165	1
264	166	1
264	173	1
264	174	1
264	175	1
264	176	1
264	177	1
264	178	1
264	179	1
264	180	1
264	181	1
264	182	1
264	183	1
265	143	1
265	144	1
265	145	1
265	146	1
265	147	1
265	148	1
265	149	1
265	150	1
265	151	1
265	152	1
265	153	1
265	154	1
265	155	1
265	156	1
265	157	1
265	158	1
265	159	1
265	160	1
265	161	1
265	162	1
265	163	1
265	164	1
265	165	1
265	166	1
265	167	1
265	174	1
265	175	1
265	176	1
265	177	1
265	178	1
265	179	1
265	180	1
265	181	1
265	182	1
265	183	1
266	143	1
266	144	1
266	145	1
266	146	1
266	147	1
266	148	1
266	149	1
266	150	1
266	151	1
266	152	1
266	153	1
266	154	1
266	155	1
266	156	1
266	157	1
266	158	1
266	159	1
266	160	1
266	161	1
266	162	1
266	163	1
266	164	1
266	165	1
266	166	1
266	167	1
266	168	1
266	175	1
266	176	1
266	177	1
266	178	1
266	179	1
266	180	1
266	181	1
266	182	1
266	183	1
267	143	1
267	144	1
267	145	1
267	146	1
267	147	1
267	148	1
267	149	1
267	150	1
267	151	1
267	152	1
267	153	1
267	154	1
267	155	1
267	156	1
267	157	1
267	158	1
267	159	1
267	160	1
267	161	1
267	162	1
267	163	1
267	164	1
267	165	1
267	166	1
267	167	1
267	168	1
267	169	1
267	176	1
267	177	1
267	178	1
267	179	1
267	180	1
267	181	1
267	182	1
267	183	1
268	143	1
268	144	1
268	145	1
268	146	1
268	147	1
268	148	1
268	149	1
268	150	1
268	151	1
268	152	1
268	153	1
268	154	1
268	155	1
268	156	1
268	157	1
268	158	1
268	159	1
268	160	1
268	161	1
268	162	1
268	163	1
268	164	1
268	165	1
268	166	1
268	167	1
268	168	1
268	169	1
268	170	1
268	177	1
268	178	1
268	179	1
268	180	1
268	181	1
268	182	1
268	183	1
269	143	1
269	144	1
269	145	1
269	146	1
269	147	1
269	148	1
269	149	1
269	150	1
269	151	1
269	152	1
269	153	1
269	154	1
269	155	1
269	156	1
269	157	1
269	158	1
269	159	1
269	160	1
269	161	1
269	162	1
269	163	1
269	164	1
269	165	1
269	166	1
269	167	1
269	168	1
269	169	1
269	170	1
269	171	1
269	178	1
269	179	1
269	180	1
269	181	1
269	182	1
269	183	1
;
param R :=
1	0
2	0
3	1
4	1
5	1
6	1
7	1
8	0
9	0
10	0
11	2
12	2
13	2
14	3
15	1
16	1
17	1
18	1
19	0
20	1
21	1
22	1
23	1
24	1
25	0
26	0
27	0
28	0
29	0
30	0
31	0
32	0
33	0
34	0
35	0
36	0
37	0
38	0
39	0
40	0
41	0
42	0
43	0
44	0
45	0
46	0
47	0
48	0
49	0
50	0
51	0
52	0
53	0
54	0
55	0
56	1
57	1
58	1
59	1
60	0
61	0
62	0
63	0
64	1
65	1
66	1
67	1
68	1
69	0
70	0
71	1
72	1
73	1
74	1
75	1
76	0
77	1
78	2
79	2
80	2
81	2
82	2
83	1
84	1
85	1
86	1
87	1
88	1
89	1
90	0
91	0
92	0
93	1
94	1
95	1
96	1
97	1
98	1
99	2
100	2
101	3
102	2
103	3
104	2
105	2
106	2
107	1
108	1
109	1
110	1
111	0
112	0
113	0
114	1
115	1
116	1
117	1
118	2
119	2
120	4
121	5
122	5
123	4
124	4
125	4
126	4
127	3
128	3
129	3
130	2
131	3
132	5
133	4
134	1000
135	6
136	6
137	5
138	5
139	2
140	2
141	3
142	3
143	3
144	0
;

end;